0.5-Norfolk06-4-30 0.972209557890892 601.0274791697816 117.73254435749006 587.0351817313748 197.90840867888653 909.9725208302184 254.26745564250984 923.9648182686252 174.09159132111338
0.5-Norfolk06-4-30 0.967626690864563 547.6696164926119 421.11392347893246 534.4301658825359 508.22950849259945 874.330383507388 559.8860765210676 887.5698341174641 472.77049150740066
0.5-Norfolk06-4-30 0.9642529189586639 576.9308426619956 243.7614861614597 563.0073483963826 326.60627704118735 888.0691573380044 381.2385138385404 901.9926516036174 298.3937229588127
0.5-Norfolk19-04-22 0.9598903506994247 666.2820945984458 417.4753547045728 653.7154441165045 500.5409143896047 990.7179054015542 551.5246452954273 1003.2845558834955 468.4590856103951
0.5-Norfolk19-04-22 0.9593304246664047 726.0108051055854 115.07538546893683 711.9652560907748 199.067768576828 1045.0163980804523 254.76193947855978 1059.0619470952627 170.76955637066862
0.5_Everitt_20071109 0.9890104979276657 653.8291569536798 891.1043055611713 457.9606555204212 1171.1962626008537 526.1708430463202 1218.8956944388287 722.0393444795787 938.8037373991463
0.5_Everitt_20100612 0.9104651659727097 656.7971656362032 883.9238263962127 455.4862710343593 1155.6935340985422 525.5571302008377 1207.5978742237999 726.8680248026817 935.8281665214704
0.5-Kitsap-Bremerton20140711 0.9282941371202469 384.76067102653633 1043.065505597457 377.2365691090507 1367.0533341641672 457.23986800948194 1368.9112835116005 464.7639699269675 1044.9234549448906
0.5-Kitsap-Bremerton20140711 0.8405047059059143 925.3898700382065 855.4513832415263 920.6254737391246 1199.4407960351678 1000.6239777208348 1200.5488085556904 1005.3883740199167 856.5593957620488
0.5-Kitsap-Bremerton20140711 0.8388838171958923 235.61423857614236 1063.5761423857614 232.3742625737426 1387.5737426257374 316.3758624137586 1388.4137586241377 319.61583841615834 1064.4161583841615
0.5-Kitsap-Bremerton20140711 0.8165930062532425 135.8469876978105 1051.5178655804393 132.15256364322266 1374.5213606730322 216.15301230218947 1375.4821344195607 219.84743635677734 1052.4786393269676
0.5-Kitsap-Bremerton20140711 0.8001765608787537 131.38579959610325 1061.5961016142007 134.6261996036967 1385.6036983738009 54.624200403796706 1386.4037983757994 51.38380039620327 1062.3962016161993
0.5-Newport20030707 0.9757348001003265 755.1360797877331 607.7632584654823 434.30468822798707 694.3877341702446 455.86392021226686 774.2367415345177 776.6953117720128 687.6122658297553
0.5-Newport20030707 0.9749846458435059 776.8821142002279 697.2141868899876 461.05331611453266 788.8045383187285 485.117885799772 871.7858131100124 800.9466838854672 780.1954616812714
0.5-Newport20080716 0.9692420363426208 653.7136498557836 474.12017804837546 340.87982195843676 561.7136498436732 365.28635014421627 648.8798219516244 678.1201780415631 561.2863501563268
0.5-Newport20080716 0.9642640948295593 631.2329376895308 380.97477745495286 316.0252225518595 469.2329376774202 339.76706231046927 554.0252225450472 654.9747774481406 465.7670623225798
0.5-Newport20101231 0.9833166152238846 745.7269624615088 484.6791808943102 425.9409648554132 577.4171201837655 450.2730375384912 661.3208191056897 770.0590351445869 568.5828798162345
100000858 0.9685938209295273 191.55220667706917 -4.085037673392799 -15.423035524023668 233.93649084739704 51.44779332293085 292.0850376733928 258.42303552402365 54.063509152602954
100000971 0.9310583770275116 235.02259567860216 21.62039259991077 215.02259567855165 357.62039259990775 294.9774043213979 362.37960740008924 314.9774043214484 26.379607400092247
100000978 0.9799009412527084 335.1806350884907 3.819885477271845 149.10567412626136 271.76782925349966 218.81936491150933 320.1801145227282 404.89432587373864 52.232170746500344
100001217 0.974718302488327 356.19599578942297 83.93888303853295 83.93572181022869 279.9662802897245 130.80400421057703 345.061116961467 403.06427818977136 149.03371971027542
100001221 0.8600403815507889 575.864293041627 86.75664088712124 248.6856184172693 175.09488301900484 271.13570695837296 258.2433591128788 598.3143815827307 169.9051169809952
100001231 0.9753055572509766 216.14161004990345 10.478196004509932 63.73137638219064 313.77456099561647 136.05999878863616 350.1206024068064 288.470232456349 46.824237415699855
100001257 0.1160816082265228 346.1792618662701 110.58347979211787 142.45342706363252 243.00527240347762 178.27768013723036 298.1195079056301 382.0035149398679 165.6977152942703
100001292 0.9586063176393509 439.83615084987497 57.15864759989235 131.77373211814387 205.02860857543877 168.16384915012506 280.84135240010767 476.2262678818562 132.97139142456126
100001327 0.8924408853054047 111.70387931491037 245.74153875634508 100.36501173392489 337.69975483760425 429.29612068508965 378.2584612436549 440.6349882660751 286.30024516239575
100001331 0.8652096837759018 69.42898262519198 78.50206353435426 30.75091536372027 153.1507333470541 330.57101737480804 308.49793646564575 369.24908463627975 233.8492666529459
0.5-Norfolk07-1-14 0.9544592201709747 523.5246098149719 416.41070844762254 508.70907748003503 500.26662146265005 844.6467205074697 559.6195619273673 859.4622528424065 475.76364891233976
0.5-Norfolk07-1-14 0.9534290283918381 518.4432341635336 542.5029745778487 505.55287749921376 621.5208609295097 842.5567658364664 676.4970254221512 855.4471225007861 597.4791390704902
0.5-Norfolk07-1-14 0.035543278558179736 397.6054621830975 1108.680928579905 384.53682464733646 1168.66597486841 635.6025303491117 1223.3643856972653 648.6711678848726 1163.3793394087602
100001430 0.9699208289384842 419.24317295652645 125.92327698861853 115.21196358768157 271.85825747018475 152.75682704347358 350.07672301138143 456.7880364123185 204.14174252981522
100001450 0.9535976946353912 133.0205083717625 138.29041884345264 94.13079641938918 213.347562909582 394.35937268390643 368.9064107190752 433.2490846362797 293.8492666529459
100001469 0.6798083037137985 407.82875413016905 53.62513737843879 315.82156060421346 56.38535317951187 326.17124586983095 401.37486262156125 418.1784393957865 398.6146468204882
100001481 0.9783386737108231 421.0062497495478 110.73243780840473 209.26159652404576 366.9434682005606 275.48480174998934 421.6733898771801 487.22945497549136 165.46235948502422
100001497 0.975017786026001 339.2286740542766 112.18736905595709 47.69919185691525 281.2744687155988 89.77132594572338 353.81263094404295 381.30080814308474 184.7255312844012
100001507 0.9835385233163834 235.31720616209958 84.66747187323877 163.42818690441715 132.83311477223285 348.37297259423076 408.8701083600549 420.2619918519132 360.7044654610608
100001511 0.013458664296194911 7.517942552502177 108.70076579274911 0.43174511904195795 163.689657876066 253.48205744749782 196.2992342072509 260.568254880958 141.310342123934
100001516 0.01899368199519813 293.27747989546185 18.357908850238424 127.29222520065493 91.3914209074992 150.56032171314865 144.27345844201562 316.54557640795565 71.23994638475484
100001523 0.9618302434682846 123.7214883500637 127.92014522117177 104.53162658301335 218.8800899960552 436.52310419455375 288.92048611735345 455.7129659616041 197.96054134247
100001527 0.02087703230790794 264.28842437045313 133.64829264962856 145.99076526546014 208.1758178797603 175.71157562954687 255.35170735037144 294.00923473453986 180.8241821202397
100001536 0.9413441717624664 438.570942115676 105.95459705296032 163.57094210932928 281.9545970430435 208.42905788432398 352.0454029470397 483.4290578906707 176.04540295695648
100001550 0.6794395595788956 431.4057508011071 174.1437699767212 89.43290734989473 187.82268369728163 92.63418530107849 267.85463257919344 434.6070287522908 254.175718858633
100001577 0.9861991256475449 264.56663572741496 20.455377271991214 69.51955973816737 297.4222251668861 136.43336427258504 344.5446227280088 331.48044026183265 67.57777483311388
100001588 0.9848385602235794 355.1676669044645 73.09047638920568 136.46810976147844 333.3429493783038 197.83233309553546 384.9095236107943 416.5318902385215 124.65705062169621
100001603 0.03220755560323596 294.9777689980616 75.25244541148966 245.03211145403833 80.74646773877986 257.0222310019384 189.74755458851035 306.96788854596167 184.25353226122016
100001635 0.09987040422856808 466.87695162971465 206.70984062257162 443.173484785379 466.73687190385374 493.1230483702854 471.29015937742844 516.826515214621 211.26312809614623
100001635 0.05798289645463228 541.0364159306321 261.3143840568234 524.9022883726423 423.3010247382986 578.9635840693679 428.6856159431764 595.0977116273576 266.69897526170126
100001670 0.8908178806304932 168.00552975550104 37.96352348194989 143.99977531463912 369.96310739801186 228.98926919534333 376.1084070278728 252.99502363620522 44.10882311181071
0.5-Kitsap-Bremerton20090911 0.9230185598134995 382.8910823360554 838.5038421389896 379.12057798723333 1158.5065462234857 463.1206987548674 1159.4962966743826 466.8912031036895 839.4935925898867
0.5-Kitsap-Bremerton20090911 0.8811300992965698 320.39539955600327 858.5560016046009 323.5957995639968 1178.563998404201 235.59460044409678 1179.4440984053992 232.39420043610323 859.4361016057991
0.5-Kitsap-Bremerton20090911 0.8576749861240387 131.80121789785264 845.4847910995634 128.18792122654415 1169.489103615775 220.1876314871332 1170.515084548758 223.80092815844162 846.5107720325465
0.5-Kitsap-Bremerton20090911 0.8390939682722092 532.6942305769422 650.5769423057694 529.2941705829417 990.5829417058293 613.2957704229576 991.4229577042295 616.6958304169583 651.4169583041696
0.5-Kitsap-Bremerton20090911 0.8309820741415024 50.879745532355635 859.5035915796389 47.108352553581874 1179.506285828563 131.10847060057083 1180.4962695415506 134.87986357934457 860.4935752926264
0.5-DanDiego00-2-29 0.04000447131693363 2905.3179270344594 3783.3686694877333 2818.3575572826717 3794.673517551023 2823.554233453346 3834.647949648845 2910.514603205134 3823.343101585556
0.5_hengxuhe_20140310 0.9616468697786331 2960.65942150442 1125.541882626132 2907.925764923933 1187.767597388441 3167.7585687982255 1407.964888816767 3220.4922253787126 1345.739174054458
100001164 0.9808849543333054 229.8845685134875 44.81123962432994 70.22120536080897 336.9951941857128 140.88548828247417 375.6095564390486 300.5488514351527 83.42560187766574
0.5-Norfolk-s-030311 0.9456534832715988 613.9064556878757 3279.2159430886845 600.0190811780947 3363.234558872192 936.0935443121243 3418.784056911316 949.9809188219053 3334.765441127808
0.5_hengxuhe_20171209 0.9760203510522842 2977.8540245597196 1118.5293315121842 2920.418826741102 1185.1541609788767 3176.57230559037 1405.9761255137335 3234.0075034089878 1339.3512960470412
0.5_hengxuhe_20041231 0.9451401680707932 2992.871482180808 1230.227954969738 2929.2457786144773 1283.6735459622282 3135.128517819192 1528.7720450302618 3198.7542213855227 1475.3264540377718
0.5-Norfolk04-2-19 0.9680771380662918 631.5548801899618 416.23937812518113 616.7090774800349 500.2666214626502 952.6467205074696 559.6195619273675 967.4925232173963 475.59231858989835
0.5-Norfolk04-2-19 0.9638636261224747 662.443398786256 245.18234187750713 649.5222784733623 329.04041270756875 985.5566012137441 380.817658122493 998.4777215266378 296.95958729243137
0.5_hengxuhe_20030422 0.9677909463644028 3096.3468795398844 1611.055152392587 3037.42089985771 1661.142235119446 3244.6531204601156 1904.944847607413 3303.57910014229 1854.857764880554
100000687 0.9765283763408661 338.89356367122076 18.990247984002277 61.81081080880253 201.86486485911655 108.4098634672254 272.46949010458786 385.4926163296437 89.59487322947366
100000699 0.9652184098958969 366.8172788491677 13.619584023084434 307.33457387860386 345.5330777559575 390.35635603215206 360.4115333391594 449.83906100271594 28.498039606286394
100000706 0.9713360667228699 274.07413109587634 72.37847119204993 210.72520575829193 124.95807921903102 422.9258689041238 380.6215288079501 486.27479424170815 328.04192078096895
100000706 0.966377392411232 350.5966228938482 6.138836770668914 291.3799249561663 55.8808630353177 506.4033771061518 311.86116322933105 565.6200750438337 262.1191369646823
0.5-Kitsap-Bremerton20170523 0.8496492207050323 136.12748852509745 843.4812319610342 131.86003444958783 1171.4777522046525 211.8595030081949 1172.5185987901145 216.12695708370453 844.5220785464963
0.5-Kitsap-Bremerton20170523 0.8347422778606415 924.7241275872414 649.5872412758724 921.2841715828417 993.5828417158284 1005.2857714228576 994.4228577142286 1008.7257274272573 650.4272572742725
0.5-Kitsap-Bremerton20170523 0.7838105708360672 533.2128220801264 650.4578022846779 528.7752030712302 992.4650993002622 612.7870095919476 993.5551707485654 617.2246286008439 651.5478737329811
0.5-Kitsap-Bremerton20110820 0.878601998090744 382.86021685805804 834.5145745519877 379.12789243155464 1158.5176580167208 463.12826526012185 1159.4852927688066 466.8605896866253 835.4822093040735
0.5-Kitsap-Bremerton20110820 0.8436571657657623 235.62423757624236 857.5762423757624 232.3842615738426 1181.5738426157384 316.3858614138586 1182.4138586141385 319.6258374162583 858.4162583741625
0.5-Kitsap-Bremerton20110820 0.77536740899086 220.35549956640335 843.5664016445008 223.6357995635967 1171.563598364201 135.63460044369666 1172.443698365399 132.35430044650332 844.4465016456991
0.5-Kitsap-Bremerton20110820 0.7246213108301163 131.35579959640333 856.5964016442008 134.6361996035967 1184.6035983638008 54.63420040369669 1185.4036983657993 51.35380039650333 857.3965016461991
0.5-Kitsap-Bremerton20110820 0.5381405428051949 1160.2857995971035 585.5971017142008 1163.7160995927966 928.5927982839007 1083.7141003928964 929.3928982858992 1080.2838003972033 586.3972017161992
0.5-Kitsap-Bremerton20060731 0.8766543567180634 564.3757995962034 828.5962016242007 567.6160995937968 1152.5937983839008 487.6141003938967 1153.393898385899 484.3738003963033 829.3963016261991
0.5-Kitsap-Bremerton20060731 0.8490062206983566 635.8623655512748 642.5449499519576 632.1366316221536 987.5479117885761 716.1376344487252 988.4550500480424 719.8633683778464 643.4520882114239
0.5-Kitsap-Bremerton20060731 0.7293061912059784 155.822960441333 846.5325089829453 152.18735814704874 1174.536547973255 236.18812221395035 1175.4676138573927 239.82372450823465 847.463574867083
0.5-Kitsap-Bremerton20060731 0.4854627251625061 421.7056995829026 886.5829012943008 424.29599958699737 1145.5869987040005 340.2944004270974 1146.4270987055988 337.70410042300267 887.4230012958992
