0.5-Norfolk06-4-30 0.8123567402362823 723.0206677274889 3122.7583465857892 567.0588235296926 3135.2352941136405 568.9793322725111 3159.2416534142108 724.9411764703073 3146.7647058863595
0.5-Norfolk06-4-30 0.7992537915706635 474.40399002574554 2925.079800502722 318.3940149630138 2932.8802992478813 319.5935162086734 2956.8703241856083 475.6034912714053 2949.0698254404488
0.5-Norfolk06-4-30 0.7975961416959763 700.4014962601647 1778.029925191052 540.4014962597565 1786.0299251828908 541.6009975054163 1810.019950120618 701.6009975058242 1802.0199501287789
0.5-Norfolk06-4-30 0.7965819537639618 500.3990024945837 1977.9800498793818 340.39900249417565 1985.980049871221 341.59850373983534 2009.970074808948 501.59850374024336 2001.970074817109
0.5-Norfolk06-4-30 0.7801043540239334 657.4064837913265 2402.1296758143917 501.3965087285947 2409.9301745595512 502.59600997425434 2433.920199497278 658.6059850369861 2426.119700752119
0.5-Norfolk06-4-30 0.7720398753881454 496.35162094849466 3098.0324189566327 336.3516209480867 3106.032418948472 337.70074812875623 3133.0149625894564 497.7007481291642 3125.0149625976173
0.5-Norfolk06-4-30 0.7593729197978973 667.4014962601645 2306.029925191052 508.39900249417565 2313.980049871221 509.59850373983534 2337.970074808948 668.6009975058244 2330.019950128779
0.5-Norfolk06-4-30 0.7468133121728897 432.4014962601646 2318.029925191052 272.40149625975664 2326.029925182891 273.60099750541633 2350.019950120618 433.60099750582424 2342.0199501287793
0.5-Norfolk06-4-30 0.7405007779598236 437.4039900257456 2414.079800502722 281.39401496301383 2421.880299247881 282.59351620867346 2445.8703241856083 438.60349127140523 2438.0698254404488
0.5-Norfolk06-4-30 0.7363000214099884 441.4014962601647 2461.029925191052 281.40149625975664 2469.029925182891 282.6508728170863 2494.017456355037 442.6508728174943 2486.017456363198
0.5-Norfolk06-4-30 0.7229866832494736 708.3990024945838 1965.980049879382 547.4513715714265 1974.0274314173098 548.6009975054162 1997.019950120618 709.5486284285735 1988.97256858269
0.5-Norfolk06-4-30 0.689261183142662 688.1773310786098 2856.2475868286983 523.1459846754176 2867.7997810684847 524.8226689213902 2891.7524131713017 689.8540153245824 2880.2002189315153
0.5-Norfolk06-4-30 0.07715712115168571 709.3830211246958 3089.717018736168 566.4176962936195 3098.294938218723 567.6169788753042 3118.282981263832 710.5823037063803 3109.705061781277
0.5-Norfolk06-4-30 0.055889138486236334 932.1283379842819 3174.4722997256536 749.1271422882273 3185.45237145806 750.8082901544753 3213.4715025860687 933.80948585053 3202.4914308536618
0.5-Norfolk06-4-30 0.026013255584985018 658.281001923 1126.968936442911 655.5799516789112 1146.011340663608 796.5799516788925 1166.0113406637402 799.2810019229812 1146.9689364430433
0.5-DanDiego12-10-28 0.9632546305656433 2766.60531129515 2468.7323352096796 2634.642707132404 2559.78653207527 2647.7172278281837 2578.7351127951856 2779.6798319909294 2487.680915929596
0.5-DanDiego12-10-28 0.9545606821775436 2798.906040270375 2506.8657718140857 2667.29530201223 2598.993288588101 2682.093959729625 2620.1342281859143 2813.70469798777 2528.006711411899
0.5-DanDiego12-10-28 0.9493394643068314 2420.830347736328 1576.042149633086 2292.9062170693865 1668.1475237067862 2306.6954689127874 1687.2992623795271 2434.6195995797284 1595.193888305827
0.5-DanDiego12-10-28 0.9427518546581268 2119.2827721718163 1580.2648872048142 1986.1752591275388 1672.109071198603 1999.7172278281837 1691.7351127951856 2132.8247408724615 1599.8909288013967
0.5-DanDiego12-10-28 0.933978334069252 2273.830347736328 1735.042149633086 2146.5648050567734 1826.6733403559012 2161.6438356145572 1847.6164383543007 2288.909378294112 1755.9852476314857
0.5-DanDiego12-10-28 0.8890973031520844 925.6173626954773 644.6607405701965 841.5629888299563 776.6261075348317 858.6409131566204 787.503766341973 942.6952870221413 655.5383993773378
0.5-DanDiego12-10-28 0.8841457813978195 871.1945799312102 595.7545095101245 787.1402060656892 727.7198764747599 807.2585355988256 740.5340991077419 891.3129094643466 608.5687321431066
0.5-DanDiego12-10-28 0.8620551377534866 3000.7128712881786 3429.1287128752047 2843.782178218042 3444.8217821741982 2846.2871287118214 3469.8712871247953 3003.217821781958 3454.1782178258018
0.5-DanDiego12-10-28 0.853212296962738 2991.431409185889 3363.9339168097904 2836.3227455995116 3384.0980430680947 2839.568590814111 3409.0660831902096 2994.6772544004884 3388.9019569319053
0.5-DanDiego12-10-28 0.6430054754018784 407.80169800009594 327.8138265622914 311.3644633100351 451.2534869606988 329.3341419028523 465.2922983618912 425.7713765929132 341.8526379634838
0.5-DanDiego12-10-28 0.09076962200924754 2698.4088329333986 2286.49155196255 2543.4802661607787 2399.5894056986945 2563.7673038009375 2427.3798682213933 2718.6958705735574 2314.282014485249
0.5-DanDiego12-10-28 0.05012507690116763 3052.9900990108727 3007.9009901035633 2870.0198019802287 3026.198019797276 2872.0198019792165 3046.198019797377 3054.9900990098604 3027.9009901036643
0.5-DanDiego12-10-28 0.04582206346094608 2584.221665200368 1799.7270510141961 2487.188943837724 1866.6796287494908 2503.1008739229655 1889.7403969906695 2600.1335952856098 1822.7878192553749
0.5-DanDiego12-10-28 0.038961263140663505 2567.006322446306 1764.6754478415041 2455.309799788175 1845.0969441496854 2466.652265541081 1860.8503688076105 2578.348788199212 1780.4288724994294
0.5-DanDiego12-10-28 0.022800001315772533 956.5397075073297 674.7090124163568 889.4268264107116 769.3381747592031 903.4602924926703 779.2909875836433 970.5731735892882 684.6618252407969
0.5-DanDiego12-10-28 0.018598800292238593 552.5498176565984 374.6147935754211 451.37501739819976 537.5062219863503 462.45018234340165 544.3852064245789 563.6249826018003 381.4937780136498
0.5-Norfolk19-04-22 0.7587096244096756 788.4064837913265 2398.1296758143917 633.4438902746838 2405.8778054823 634.5935162086735 2428.8703241856083 789.5561097253162 2421.1221945177
0.5-Norfolk19-04-22 0.7243305742740631 559.3042394024058 1734.0847880338836 403.29426433967393 1741.8852867790429 404.6957605975943 1769.9152119661162 560.7057356603261 1762.114713220957
0.5-Norfolk19-04-22 0.7043997049331665 567.7684926036312 2413.424630151956 411.7708916438494 2416.544582163173 412.25109955945453 2440.554978004834 568.2487005192363 2437.4350259936177
0.5-Norfolk19-04-22 0.05694076884537935 828.5031948889877 1773.579872208813 656.5383386585597 1780.458466449236 657.4984025550978 1804.4600638933725 829.4632587855257 1797.5814696529492
0.5_Everitt_20100612 0.973345622420311 466.98751748017617 742.0773507048751 375.0636403932811 869.8515398510219 396.0124825198239 884.9226492951248 487.93635960671895 757.1484601489781
0.5_Everitt_20100612 0.9729170352220535 338.90903578063393 919.1164342033092 238.90903577818375 1047.116434201395 259.09096421936607 1062.8835657966908 359.09096422181625 934.883565798605
0.5_Everitt_20150718 0.9800713211297989 474.98751748017617 922.0773507048752 382.5895774349863 1050.5104873630278 403.53841956152917 1065.5815968071306 495.936359606719 937.1484601489782
0.5_Everitt_20150718 0.9766240864992142 626.2068691551323 721.8848640261074 529.6920076554402 850.2496298158261 550.3127956937195 865.7539817248953 646.8276571934117 737.3892159351766
0.5-DanDiego05-11-16 0.9567062556743622 2381.304531087213 1716.7007376204729 2253.3804004202716 1808.806111694173 2266.6954689127874 1827.2992623795271 2394.6195995797284 1735.1938883058267
0.5-DanDiego05-11-16 0.9426229894161224 3253.870660503043 2577.8666574663084 3122.0741251972922 2666.170336114464 3138.1293394969566 2690.1333425336916 3269.9258748027078 2601.829663885536
0.5-DanDiego05-11-16 0.9181284010410309 2408.906040270375 1750.8657718140857 2277.29530201223 1842.9932885881012 2292.093959729625 1864.1342281859143 2423.70469798777 1772.0067114118988
0.5-DanDiego05-11-16 0.8401214480400085 505.2599899695179 330.59321183825705 415.35863567869376 436.6768098968845 432.158000333128 450.9135596046421 522.059354623952 344.82996154601466
0.5-DanDiego05-11-16 0.8222587555646896 3377.7227722782673 3353.2277227761456 3221.782178218042 3368.8217821741982 3224.2772277217327 3393.772277223855 3380.217821781958 3378.1782178258018
0.5-DanDiego05-11-16 0.7720231115818024 3385.0477659478374 3415.3966563877434 3224.9920390093043 3426.6005572652584 3226.9522340521626 3454.6033436122566 3387.0079609906957 3443.3994427347416
0.5-DanDiego05-11-16 0.7658122181892395 3133.020667727489 3446.7583465857892 2977.0588235296927 3459.2352941136405 2978.979332272511 3483.2416534142108 3134.9411764703073 3470.7647058863595
0.5-DanDiego05-11-16 0.06427483865991235 2706.7169811336826 1829.5094339638533 2597.5544068224326 1910.2897389486352 2610.2830188663174 1927.4905660361467 2719.4455931775674 1846.7102610513648
0.5-Kitsap-Bremerton20140711 0.026887524873018265 467.80684921313537 1138.3142209906134 460.1566986747234 1274.3338975632564 484.1931507868647 1275.6857790093868 491.84330132527657 1139.6661024367436
0.5-Kitsap-Bremerton20140711 0.019461068091914058 480.26996805461573 885.7492012781361 468.2492012814547 886.2300319484477 473.7284345012989 1023.2108626196784 485.7492012744599 1022.7300319493668
0.5-Kitsap-Bremerton20140711 0.018567919498309493 497.3391382261258 891.4162603245975 480.3523733738316 892.6053338633897 489.5912031014199 1024.5886157824707 506.577967953714 1023.3995422436785
0.5-Kitsap-Bremerton20170523 0.0318821263499558 466.9464231516165 936.7048274560073 463.0121328042164 1070.7067566883209 483.0242421820425 1071.294311279567 486.95853252944244 937.2923820472533
0.5-Kitsap-Bremerton20170523 0.03171553835272789 466.00089991000897 740.9100089990999 465.990900909909 741.9099090090989 482.99920007999197 742.0799920007997 483.00919908009195 741.0800919908007
0.5-Kitsap-Bremerton20170523 0.02986083086580038 469.989006457701 706.6389377574335 460.09858069678745 786.6524821627595 481.02604288155794 789.2393130879625 490.9164686424715 709.2257686826365
0.5-Kitsap-Bremerton20170523 0.021374754374846816 251.30283570166756 955.5322159045658 244.6954695125384 1092.5029170049452 264.6971642983325 1093.4677840954341 271.30453048746165 956.4970829950546
0.5-Norfolk-s-140424 0.6483021602034569 687.3671397619089 1514.6604326022562 686.6528136782953 1538.6689322724849 842.6337446990931 1543.3098406634685 843.3480707827067 1519.3013409932396
0.5-Norfolk-s-140424 0.03442553197965026 758.1076923078516 1517.0615384615166 747.8923076922474 1534.9384615383103 761.8923076921484 1542.9384615384834 772.1076923077526 1525.0615384616897
0.5-Norfolk-s-140424 0.02050696313381195 759.8536528514024 1230.3865914495486 739.0881159960079 1252.6057158837698 755.1114271057302 1267.5807729963683 775.8769639611247 1245.3616485621471
0.5-Newport20080716 0.9235430508852005 352.63501483840537 177.98219584925812 196.55192878293948 221.68545993682585 203.2922848648833 245.75816023386835 359.37537092034916 202.0548961463006
0.5-DanDiego15-4-15 0.9684072434902191 2370.906040270375 1830.8657718140857 2238.6241610726006 1923.4630872458076 2253.4228187899957 1944.6040268436207 2385.70469798777 1852.0067114118988
0.5-DanDiego15-4-15 0.9660902619361877 2573.3561643854428 1739.3835616456993 2446.090621705888 1831.0147523685146 2461.169652263672 1851.957850366914 2588.4351949432266 1760.326659644099
0.5-DanDiego15-4-15 0.9619509279727936 3039.6459430998257 2840.174920971358 2912.3804004202716 2931.806111694173 2925.828240251059 2950.483667016029 3053.0937829306135 2858.852476293214
0.5-DanDiego15-4-15 0.9608261287212372 2426.4927850436175 1580.119978323282 2294.5301808808717 1671.1741751888721 2309.184675833049 1692.4125736718524 2441.1472799957946 1601.3583768062622
0.5-DanDiego15-4-15 0.9528798907995224 540.1807155865306 454.32868405167426 443.25833838585265 578.3893268636469 462.8192844134696 593.6713159483256 559.7416616141475 469.61067313635294
0.5-DanDiego15-4-15 0.9515538066625595 2402.2592247873754 1865.505950404075 2278.2781065076915 1953.532544376353 2291.6038827187535 1972.3012432665155 2415.5850009984374 1884.2746492942376
0.5-DanDiego15-4-15 0.9497239142656326 2248.390665516167 1705.2826274867923 2119.861977260999 1796.5379961414326 2135.609334483833 1818.7173725132077 2264.138022739001 1727.4620038585674
0.5-DanDiego15-4-15 0.870466411113739 3344.811881189119 3469.118811885116 3187.782178218042 3484.8217821741982 3190.188118810881 3508.881188114884 3347.217821781958 3493.1782178258018
0.5-DanDiego15-4-15 0.8230358213186264 3423.7227722782673 4013.2277227761456 3267.782178218042 4028.8217821741982 3270.2772277217327 4053.7722772238544 3426.217821781958 4038.1782178258018
0.5-DanDiego15-4-15 0.8125306814908981 3116.7821782188516 3496.8217821822946 2952.8217821783983 3513.21782177796 2955.2178217811484 3537.1782178177054 3119.1782178216017 3520.78217822204
0.5-DanDiego15-4-15 0.775223046541214 1470.1725451085656 988.856015957944 1433.8569226582483 1137.0237555534563 1458.8274548914344 1143.143984042056 1495.1430773417517 994.9762444465435
0.5-DanDiego15-4-15 0.04674935154616833 653.1925766418088 544.3291393454653 594.3767330440356 648.4331825105681 617.3791526523851 661.4288998037899 676.1949962501583 557.324856638687
0.5-DanDiego15-4-15 0.045220733154565096 2755.1317175991835 2386.905163331134 2655.131717596775 2458.9051633277895 2677.3424657517016 2489.7534246562527 2777.34246575411 2417.7534246595974
0.5-DanDiego15-4-15 0.034522224916145205 3417.5362887416804 3948.544919579615 3282.522557865885 3967.446841895329 3285.4637112583196 3988.455080420385 3420.477442134115 3969.553158104671
100000748 0.8258443921804428 294.2808277656994 238.82037973127575 289.8031955982641 262.7309355051636 441.71917223430063 291.1796202687243 446.1968044017359 267.26906449483647
100000748 0.033646369352936745 176.9424230309798 61.121151541628 89.9572171132201 62.86085565553401 90.05717712895826 67.85885645522436 177.04238304671796 66.11915234131835
100000748 0.021096882177516818 488.6365085696665 61.94180948927815 352.6460741332123 70.10123554851243 353.36349143033357 82.05819051072184 489.35392586678773 73.89876445148757
100000748 0.013823350658640265 208.25498140783293 57.231662265929955 207.73327996935416 77.21804437403543 343.7450185921671 80.76833773407002 344.2667200306459 60.78195562596455
100000751 0.9541265815496445 137.11828969824805 1.394612920267992 121.59747598528155 17.84667545522687 237.38086268449962 127.0762855540447 252.90167639746613 110.62422301908583
100000764 0.029316084925085306 59.07453292366054 125.81776401260086 47.05535018813678 126.17833949405187 50.92546707633946 255.18223598739917 62.94464981186321 254.82166050594813
100000778 0.957595705986023 68.90527972629701 107.40692516716102 53.473887538205915 128.0849906984242 176.5740449267343 219.9507797978012 192.0054371148254 199.272714266538
100000813 0.9393378794193268 12.04432505104447 82.02686366608074 -0.3129617188804467 102.4163868358351 131.68703828003822 182.41638683761926 144.04432504996313 162.0268636678649
100000834 0.022135380189865828 228.86366857711354 87.96417113397939 227.14044833132743 107.98799038993592 367.1363314228864 120.03582886602058 368.85955166867257 100.01200961006406
100000834 0.015761821763589978 89.65718582986669 61.11150833773928 88.32843480282035 85.14861441695184 228.3428141701333 92.88849166226072 229.67156519717966 68.85138558304814
100000837 0.9650469422340393 328.84765939373057 183.77167676427896 311.7529090045405 199.6697946253593 419.68856238762527 315.7296369790873 436.7833127768153 299.83151911800695
100000858 0.05753489211201668 460.58569337423603 156.27015593627868 453.3891642717238 308.2608505810462 485.4120697615254 309.77708663643745 492.6085988640376 157.78639199166992
100000885 0.7648166567087173 464.35411471407565 257.0822942683027 307.3965087285947 264.93017455955095 308.5960099742544 288.9201994972782 465.5536159597353 281.07231920603
100000885 0.7525520771741867 245.35411471407565 77.08229426830273 89.39401496301377 84.88029924788104 90.64339152034339 109.86783042002732 246.60349127140526 102.06982544044901
100000885 0.7490579187870026 453.40399002574554 66.07980050272181 297.39401496301383 73.88029924788106 298.59351620867346 97.87032418560827 454.6034912714053 90.06982544044901
100000885 0.7485993206501007 208.11923688480724 270.99046105305536 57.04610492875487 283.07631160181694 58.88076311519278 306.00953894694464 209.95389507124514 293.923688398183
100000885 0.7171668410301208 484.66010590538383 310.67019682681035 328.6505145373919 315.3504845598712 329.37076630956864 339.35887700669144 485.38035767756054 334.67858927363056
100000885 0.6978913396596909 458.4039900257456 14.079800502721792 301.3965087285947 21.930174559550995 302.59600997425434 45.92019949727821 459.60349127140523 38.06982544044901
100000888 0.8076341450214386 235.3516209484947 57.03241895663279 75.35162094808668 65.03241894847183 76.60099750541629 90.0199501206181 236.60099750582435 82.01995012877906
100000888 0.803719088435173 461.4039900257456 41.079800502721795 305.3940149630138 48.88029924788105 306.59351620867346 72.87032418560827 462.60349127140523 65.06982544044901
100000888 0.052552218083292246 242.2972972980372 96.21621621985273 97.26550079508334 107.81875993267528 98.70270270196276 125.78378378014726 243.73449920491663 114.18124006732471
100000912 0.7649702876806259 585.9271554535364 260.3811971016663 578.0846095575304 413.38926753241947 602.0728445464636 414.61880289833357 609.9153904424695 261.6107324675804
100000912 0.7241927981376648 595.9483313700811 48.481338047990725 588.1047775744213 200.48941060755425 608.1031311971416 201.52131739923448 615.9466849928015 49.51324483967096
100000912 0.7189150452613831 533.9639246238363 254.37733702140778 526.1001353533853 406.38438361890127 550.0876703494843 407.62533214430994 557.9514596199352 255.61828554681648
100000912 0.7127069532871246 544.9267696418077 41.40437936071947 537.0330723385704 201.4096236970176 561.0240161467208 202.59319270580886 568.917713449958 42.58794836951072
100000915 0.7342900037765503 193.93205756448785 238.69837684490074 190.03296928249512 394.70089900731034 214.0429642874898 395.30099885747313 217.94205256948254 239.29847669506353
100000915 0.6851242333650589 419.97563985620167 12.740301550678588 416.0377743198997 164.74191125181065 436.02436014379833 165.2596984493214 439.9622256801003 13.258088748189335
100000915 0.06556518701836467 153.9701585295548 20.505166376381116 146.0312676197157 197.46304475637928 169.0298414704452 198.4948336236189 176.9687323802843 21.536955243620707
100000915 0.04000636236742139 148.1113097702209 232.76068029453563 143.87621029601408 407.7549905686352 162.86508840382194 408.21454715401325 167.10018787802878 233.2202368799137
0.5-Norfolk09-11-15 0.8920825123786926 471.837619561603 946.0922252409002 468.15028471472704 969.9861550484802 624.1391194312881 994.0585060851643 627.8264542781641 970.1645762775843
0.5-Norfolk09-11-15 0.888756051659584 259.9051154793357 908.9596701706897 255.9483371761293 933.9665090467647 408.0948845206643 958.0403298293104 412.05166282387074 933.0334909532355
0.5-Norfolk09-11-15 0.8683789074420929 440.05947868227554 1113.9840947281173 435.79397397318945 1140.9420844893375 587.9405213177245 1165.015905271883 592.2060260268106 1138.057915510663
0.5-Norfolk09-11-15 0.8198409229516983 452.4014962601647 2094.029925191052 292.40149625975664 2102.029925182891 293.6009975054163 2126.019950120618 453.60099750582435 2118.019950128779
0.5-Norfolk09-11-15 0.7913408875465393 237.00794912655118 2102.5993640739657 76.99205087471867 2115.400635925933 78.91255961753716 2139.406995226503 238.92845786936962 2126.6057233745364
0.5-Norfolk09-11-15 0.7823322266340256 440.39900249458367 3224.980049879382 280.39900249417565 3232.980049871221 281.5511221937463 3256.022443886199 441.5511221941544 3248.02244389436
0.5-Norfolk09-11-15 0.777450904250145 432.45137157183456 2814.0274314254707 272.4513715714266 2822.02743141731 273.60099750541633 2845.019950120618 433.60099750582424 2837.019950128779
0.5-Norfolk09-11-15 0.760928750038147 424.39900249458367 2669.980049879382 264.44887780584565 2677.97755610564 265.6009975054163 2701.019950120618 425.55112219415435 2693.02244389436
0.5-Norfolk09-11-15 0.7457262873649597 454.4014962601646 2146.029925191052 294.40149625975664 2154.029925182891 295.60099750541633 2178.019950120618 455.6009975058243 2170.019950128779
0.5-Norfolk09-11-15 0.7249228656291962 180.2568578563167 2632.1371571111345 24.29675810525483 2639.9351620907128 25.74563590926423 2668.9127182005354 181.70573566032613 2661.114713220957
0.5-Norfolk09-11-15 0.022069592028856277 428.3241741897793 2767.4908243266163 284.320603114826 2780.451145716002 285.7651026676254 2796.5011407562215 429.76867374257864 2783.5408193668363
0.5-Norfolk11-5-1 0.7491813004016876 254.86168521566552 2339.771065186727 98.89984101786922 2352.248012714578 101.13831478433448 2380.228934813273 257.1001589821308 2367.751987285422
0.5-Norfolk11-5-1 0.7249952256679535 200.40648379132656 2826.1296758143917 44.396508728594725 2833.9301745595512 45.59600997425439 2857.920199497278 201.60598503698625 2850.119700752119
0.5-Norfolk11-5-1 0.7185064554214478 240.6319312626072 2156.73104206599 89.64781696521608 2161.2605654871895 90.3680687373928 2185.26895793401 241.35218303478393 2180.7394345128105
0.5-Norfolk11-5-1 0.7167823910713196 450.66190428683433 2146.7301428752644 299.64781696521607 2151.2605654871895 300.36806873739283 2175.26895793401 451.3821560590111 2170.7385353220848
0.5-Norfolk11-5-1 0.6659081727266312 418.57018683270235 2622.672894398986 262.5605954647105 2627.353182132047 263.40073933379585 2655.3579778159665 419.41033070178764 2650.6776900829054
0.5-Norfolk11-5-1 0.024708074051886797 425.50617776069856 2771.769629337963 285.53009167017467 2780.1681944962374 286.49023515281885 2796.170585887277 426.4663212433427 2787.772020729002
0.5-Norfolk11-5-1 0.018697387306019664 170.47755995677048 2683.5365708055556 70.47755995641434 2690.5365708004683 71.59697482275217 2706.528211759831 171.5969748231083 2699.528211764918
100000953 0.9633157253265381 56.42595507326568 55.0492202021988 41.47388753820592 75.08499069842419 164.57404492673433 166.95077979780118 179.5261124617941 146.9150093015758
100000953 0.9628622680902481 225.74552469770367 178.01863116458725 208.88362473553238 201.11943411191112 329.25447530229627 288.98136883541275 346.1163752644676 265.8805658880889
100000953 0.9498002380132675 330.2297297306541 27.87837837744892 315.56756756815014 48.405405404214825 439.7702702693459 137.12162162255106 454.4324324318498 116.59459459578515
100000962 0.7802531719207764 294.4039900257456 113.0798005027218 138.44389027468372 120.87780548230009 139.59351620867344 143.87032418560824 295.5536159597353 136.07231920602993
100000962 0.7367905527353287 269.40648379132654 156.12967581439173 113.39650872859472 163.930174559551 114.59600997425439 187.9201994972782 270.6059850369862 180.11970075211892
100000978 0.0206696642562747 187.2459016404751 -48.29508196678862 116.83606557314089 36.19672131045357 145.7540983595249 60.295081966788615 216.1639344268591 -24.19672131045357
100000981 0.953095480799675 340.90320561917775 172.45101175178903 276.72129893553307 312.36756831892257 300.7178221257578 323.3751477642325 364.8997288094025 183.45859119709894
100000981 0.9490961581468582 385.0770461031563 196.07203949672464 321.10027119059754 335.5414088029011 345.9229538968437 346.9279605032754 409.8997288094024 207.45859119709894
100000981 0.944573387503624 166.16494845424128 100.62886597956565 102.16494845305347 244.62886597903773 122.2061855663828 253.53608247404875 186.20618556757063 109.53608247457665
100000984 0.9532937258481979 152.23913538575727 109.0410762145203 88.19352239429573 248.0200564027864 109.76086461424276 257.95892378547967 173.8064776057043 118.9799435972136
100000984 0.9531785845756531 194.1684001205343 125.31099572307359 133.864743295835 264.6124429851151 154.83159987946573 273.6890042769265 215.135256704165 134.387557014885
100001044 0.9713839441537857 121.58630885867044 177.5191971695868 13.52663411019792 297.4654361349244 32.4683929915802 314.5300837765871 140.5280677400527 194.58384481124952
100001044 0.9697883725166321 286.8160287208489 1.4168492714154113 179.09538906126255 116.67793370172089 197.1839712791511 133.58315072858457 304.90461093873745 18.322066298279093
100001044 0.961808830499649 503.7471176034206 205.10299769516365 395.90699461836783 317.25672559415887 414.25288239657937 334.8970023048364 522.0930053816321 222.7432744058412
100001044 0.12738288519904017 325.31795065167125 56.582972312686515 189.39781502947477 200.65831606533493 198.1529478226415 208.91787530456583 334.07308344483795 64.84253155191743
100001048 0.9718044400215149 140.50807319846163 58.61571582442451 36.31001076313286 178.4434876197832 53.49192680153839 193.3842841755755 157.68998923686718 73.55651238021677
100001048 0.9545556008815765 161.01291711665021 74.18514531848261 56.38428417537953 194.50807319565274 73.49192680153837 209.3842841755755 178.12055974280904 89.06135629840534
100001048 0.023561173817142844 416.5429864270609 11.402714933296247 295.59276017967 144.44796379930662 314.4570135729391 161.59728506670373 435.40723982033 28.552036200693355
100001072 0.8886869102716446 71.58150071837181 97.996021659697 66.63288761190157 121.00707260454227 215.41849928162821 153.003978340303 220.36711238809846 129.99292739545777
100001072 0.8661842197179794 264.28082776569937 139.8203797312758 259.58839393405725 164.87797639201756 411.5043705700939 193.32666115557828 416.196804401736 168.26906449483653
100001075 0.0624948563054204 35.494070023510375 215.7875150910823 28.592926638738202 247.80882039608852 197.50592997648963 284.2124849089177 204.4070733612618 252.19117960391148
100001092 0.817822277545929 210.1782178258018 287.78217821804225 186.21782178605656 290.1782178207922 201.82178217419826 446.21782178195775 225.7821782139435 443.82178217920784
100001092 0.817663162946701 394.6979332313857 272.2241653419849 374.7456279848514 273.8203497606877 387.22257551270263 429.7821939584841 407.17488075923694 428.18600953978125
100001092 0.8166589438915253 193.4554455484453 88.55445544589426 165.43564356811552 91.3564356424952 180.64356435249522 243.4356435640168 208.66336633282503 240.6336633674158
100001092 0.03786372300237417 161.62344140100043 281.4688279304932 141.62344140094945 282.4688279294731 150.42394014508855 458.47880299225596 170.42394014513957 457.4788029932761
100001100 0.0730742970481515 336.4595999654011 50.965400540400054 337.53969996459887 158.9645994603001 329.54050004459884 159.04459945949992 328.46040004540106 51.045400539599896
100001156 0.9449442476034164 257.252060622819 246.75538420649846 193.0138261095261 390.6490295130618 216.747939377181 401.2446157935015 280.98617389047394 257.35097048693814
100001156 0.9168750941753387 344.1392359877082 33.15887183161903 283.78936094202857 181.01606569052234 308.7179578716228 191.19100321301298 369.06783291730244 43.33380935410965
100001168 0.023977430537343025 407.4632601126905 20.895494110752047 238.59595002498904 161.0553614749769 264.0281840225399 191.69660725703164 432.8954941102413 51.536739892806786
100001174 0.97501240670681 283.5405405417422 261.2432432438581 192.25675675578404 389.04054053959493 211.45945945825787 402.7567567561419 302.74324324421605 274.959459460405
100001174 0.9560264199972153 413.1216216228067 75.22972973029628 325.2162162153029 198.29729729636742 346.21621621504727 213.29729729672528 434.12162162255106 90.22972973065413
100001177 0.05591069348156452 84.54685639936176 177.682207026381 69.40497217681384 320.77301292875734 93.34849533508587 323.30671908308426 108.49037955763377 180.21591318070793
100001180 0.850707471370697 341.0364648185925 223.6179600019753 324.8228363622894 375.70179492134633 349.85812344631637 378.3708020731748 366.07175190261944 226.28696715380372
100001180 0.8347562551498413 401.0486673572811 228.652306696901 384.80736159118453 384.73125510833773 409.8483890560182 387.33698117128824 426.0896948221148 231.2580327598515
100001180 0.7623563408851624 430.0011681788686 11.490712978465096 409.87734122497227 171.4751372609938 433.8750048673516 174.49371130407823 453.99883182124796 14.509287021549563
100001204 0.966073676943779 170.21964529463168 133.4652114586429 154.00204638563537 152.27762619225857 273.7803547053684 255.53478854135705 289.9979536143647 236.7223738077414
100001208 0.9724409878253937 209.92065841850737 192.26585351567894 90.21552489665362 291.62111433274436 106.07934158149261 310.73414648432106 225.78447510334635 211.37888566725562
100001208 0.9617196768522263 376.5669076231794 41.3067903709055 256.2697933848674 145.96527975213618 273.0022767356631 165.19801923693043 393.299390973975 60.539529855699755
100001208 0.9546769559383392 423.7535674124791 88.06453905057234 307.89117176745145 184.23032743006715 324.24643258752087 203.9354609494276 440.1088282325485 107.76967256993278
100001212 0.543559655547142 177.11678832170617 13.678832116905888 113.11678832068355 189.678832116534 136.88321167829383 198.3211678830941 200.8832116793165 22.321167883465993
100001212 0.06390450522303581 107.35817099891482 223.7015919842559 50.80458776212749 371.87198006182126 67.64182900108516 378.2984080157441 124.19541223787249 230.12801993817874
100001224 0.8331223130226135 443.3540674547725 266.7298085333707 416.4515502030835 271.3032364647839 443.6459325452275 431.2701914666294 470.54844979691643 426.69676353521623
100001224 0.8327582627534866 390.8907441404374 266.7407586139241 366.99343693045813 271.2812469825999 395.1092558595625 419.25924138607587 419.00656306954187 414.71875301740005
100001224 0.6913323178887367 409.1185647464005 40.741029641297054 381.0374415012722 45.234009359083274 404.8814352535996 194.25897035870292 432.96255849872784 189.76599064091673
100001224 0.0248106406070292 582.7610269327812 9.005404883576368 550.775697331088 15.082617506264848 587.2738152638999 207.1779750990049 619.259144865593 201.10076247631645
100001246 0.9698938727378845 392.9467423483566 -2.1768612990253806 269.16194674114604 98.08882313653376 287.0532576516434 120.17686129902536 410.83805325885396 19.911176863466224
100001251 0.0416885600425303 397.12886752831633 198.8119555423107 348.87864223448827 299.17242415105596 373.8711324716836 311.18804445768933 422.1213577655117 210.827575848944
100001282 0.8382550776004791 380.7182096669433 53.71099693723507 356.6790830983069 56.3553008585566 373.40243058593586 208.38573263490332 397.4415571545723 205.74142871358177
100001285 0.86180180311203 145.38613861777176 60.86138613880474 122.41584158793754 63.15841584061421 137.61386138222824 215.13861386119524 160.5841584120625 212.84158415938575
100001285 0.8314299136400223 101.17821782580178 71.78217821804222 77.21782178605652 74.17821782079218 92.82178217419822 230.2178217819578 116.7821782139435 227.82178217920784
100001296 0.9619789272546768 108.08787346486254 29.442882248352092 88.79086116214599 41.98594024413705 177.07205623638583 177.8031634458954 196.3690685391024 165.26010545011044
100001296 0.9591513872146606 55.102156642775505 63.53461974913718 35.01135073993329 76.39273552593495 118.89784335722447 207.46538025086284 138.9886492600667 194.60726447406506
100001299 0.9622980058193207 72.91113886052764 206.1819525488453 59.13982824123623 229.73089370714112 196.08886113947236 309.8180474511547 209.86017175876378 286.2691062928589
100001299 0.9561847299337387 46.56603773641824 255.9811320747268 35.90566037769808 275.1698113198876 172.85849056547482 351.25471698188704 183.51886792419498 332.0660377367263
100001339 0.02761026658117771 149.58869018913467 42.545190912696064 141.6621556311932 54.593523440367775 253.10923151215627 127.91396810132639 261.0357660700978 115.86563557365467
0.5-PearlHarbor20130302 0.9660059660673141 1189.658110555878 1592.1675364792375 1110.0117158368819 1724.3805517087642 1133.075620405874 1738.274470124241 1212.72201512487 1606.0614548947142
0.5-PearlHarbor20130302 0.9561180770397186 1091.956301786708 1519.611228089777 1008.3663758913133 1655.8628072950642 1031.3171538724687 1669.9430391857782 1114.9070797678637 1533.6914599804911
0.5-PearlHarbor20130302 0.9459141492843628 1061.658110555878 1679.1675364792377 982.27798487513 1810.9385451052858 1005.341889444122 1824.8324635207623 1084.72201512487 1693.0614548947142
0.5-PearlHarbor20130302 0.9450481981039047 1433.4753701492245 1815.9271170451518 1419.8849927375427 1839.166662418444 1556.0888611394726 1918.8180474511546 1569.6792385511542 1895.5785020778624
0.5-PearlHarbor20130302 0.929206594824791 1293.432977924533 1728.032905541876 1278.5002087919331 1752.0746638446103 1414.2886333891706 1836.415300243047 1429.2214025217706 1812.3735419403129
0.5-PearlHarbor20130302 0.7248392403125763 2140.3017456368248 1914.034912722214 1980.3017456364169 1922.0349127140528 1981.7007481287562 1950.0149625894562 2141.7007481291644 1942.0149625976171
0.5-PearlHarbor-n20171218 0.020323937758803368 516.3410726221575 540.0187671550805 431.8443735623113 589.8718195960925 447.09658037092555 615.7230175790228 531.5932794307719 565.8699651380108
100001354 0.9722517877817154 402.64646499218196 202.55141366316988 311.0636403932811 329.85153985102187 332.0124825198239 344.92264929512487 423.59530711872475 217.62252310727285
100001354 0.9482687264680862 194.7432432444716 6.959459460047149 103.12162162065947 135.22972972876252 125.25675675552837 151.04054053995284 216.87837837934055 22.770270271237486
100001357 0.03736506449058652 242.48720328970208 8.188171330463154 169.3271449402678 112.07545418297025 193.37355788256633 129.00954780490866 266.5336162320006 25.12226495240158
100001392 0.11906171031296253 39.7222720715194 236.46607771288095 8.615915524448516 257.3073365978377 111.74014769518683 411.22410104344937 142.8465042422577 390.38284215849256
100001397 0.24622721783816814 193.41492734584094 213.01061293843034 190.59844700218036 232.89496416454 346.5850726541591 254.98938706156966 349.4015529978197 235.10503583545997
100001397 0.028120197355747223 244.01259946583733 281.6487599880103 241.96126842570007 304.6441809478552 361.9874005341627 315.3512400119898 364.03873157429996 292.35581905214485
100001408 0.7958835810422897 82.91096858856932 103.04809211801106 81.15649345248416 126.06680590337048 237.0890314114307 137.95190788198897 238.8435065475159 114.93319409662955
100001408 0.7935608923435211 86.94459304547684 41.95643867021233 85.06763469621546 65.88765762321118 240.05540695452314 78.04356132978768 241.9323653037845 54.112342376788824
100001408 0.719138965010643 328.3452203090943 128.05309951259989 327.65196306546795 156.06069215508435 483.6553920007835 159.92216316833765 484.3486492444098 131.91457052585318
100001422 0.8007953763008118 90.88533779532648 292.19490608731695 62.839315570753556 295.8408889750785 83.11466220467352 451.805093912683 111.16068442924646 448.15911102492146
100001422 0.2178155817091465 586.7223974807379 192.3533123030127 558.7649842313396 195.70820189151195 579.2917981028464 366.764984226907 607.2492113522446 363.41009463840777
100001422 0.04159522941336036 318.99523857102173 280.2804285290167 302.0425553053687 281.806170022059 314.1020732035449 415.8008134112261 331.0547564691979 414.2750719181838
100001422 0.03780575771816075 536.653666151244 191.33541341665156 503.5413416580354 196.63338533387366 532.3463338487559 376.6645865833484 565.4586583419645 371.36661466612634
100001422 0.027995371725410223 520.6469662733278 31.745894384960277 500.7236699805139 34.33592290200815 517.3530337266723 162.25410561503966 537.2763300194862 159.66407709799182
100001422 0.023106893058866262 554.6973478971919 25.60842433689353 538.6287051513755 28.17940717540343 559.1216848641815 156.26053042132858 575.1903276099979 153.68954758281868
100001463 0.04652303154580295 98.2033693641671 192.11527081564395 72.83654368877329 212.66239961142568 185.19280236456328 351.3738300840539 210.5596280399571 330.82670128827215
100001472 0.9502746760845184 427.4994984965582 27.58074222718556 343.9613841515816 151.21715145354037 363.5005015034418 164.41925777281443 447.0386158484184 40.782848546459604
100001472 0.920748382806778 483.9189189200773 62.51351351410718 396.01351351257347 185.58108108017836 414.08108107992274 198.48648648589278 501.9864864874265 75.4189189198216
100001472 0.09535400895401835 256.6543515238961 -51.00448291790381 169.46931519465596 58.84866285253466 192.345648476104 77.00448291790384 279.5306848053441 -32.84866285253463
100001485 0.9604796916246414 174.4997184801232 24.32536316101988 158.70076198412156 44.706017040064125 282.50028151987686 140.67463683898012 298.2992380158785 120.29398295993587
100001488 0.04273442691192031 95.76632643760846 67.69279741204113 94.27383985082753 91.66213199567862 265.2336735623915 102.30720258795887 266.7261601491725 78.3378680043214
100001501 0.03585407976061106 375.81628510651416 50.47051876589672 364.15788114022644 81.59845735530446 532.1837148934858 144.5294812341033 543.8421188597736 113.40154264469554
100001527 0.9520891159772873 489.00000000179483 64.00000000160911 368.99999999882414 159.9999999978957 384.9999999982052 179.99999999839082 505.0000000011759 84.00000000210423
100001530 0.9450636953115463 237.0935650187052 24.474508306422926 177.09885283656948 169.06176466237469 199.90643498129478 178.52549169357707 259.9011471634305 33.93823533762533
100001530 0.9294335544109344 191.16840012053427 13.310995723073567 130.5001657165616 153.45461719321838 151.4670223001923 162.53117848502978 212.135256704165 22.387557014884965
100001543 0.9153768867254257 57.897004024805454 73.44134744379137 10.408555671161885 221.60530630480565 32.393650320108115 228.65181100009266 79.88209867375168 80.48785213907837
100001543 0.024980139452964067 559.792698357053 9.499336702299457 507.98645798952737 189.26699077505532 518.9412157132916 192.42398147359137 570.7474560808173 12.656327400835503
100001569 0.0422353888861835 66.27180527649361 10.6734279904879 42.387423937162154 28.82555780716719 154.20993914540446 175.96044624889404 178.09432048473593 157.80831643221472
100001569 0.02547264425083995 199.75956563262127 165.5566649650549 162.56839880721665 188.24327672666064 256.96924422092087 342.9987610243214 294.1604110463255 320.31214926271565
100001582 0.961848258972168 261.9547511340038 229.12669683144404 241.867220534942 240.97833988386893 322.04524886599614 376.8733031685559 342.1327794650579 365.02166011613105
100001582 0.9520429223775864 198.0584652891217 20.247259438705292 175.00730816316857 33.15590742806638 250.94153471087827 168.7527405612947 273.9926918368314 155.8440925719336
100001603 0.7191028594970703 65.11970075211896 15.394014963013774 41.07980050272179 16.59600997425439 48.88029924788105 172.6059850369862 72.9201994972782 171.4039900257456
100001603 0.14622937981039286 577.4114713264158 32.22942643446725 546.3890274360854 33.780548627397486 555.5885286735842 217.77057356553277 586.6109725639146 216.21945137260255
100001607 0.04372172639705241 382.8742730808241 82.00909165277007 352.9127692715676 96.09099844159502 426.74076500586 253.17184044646885 456.7022688151164 239.08993365764388
100001613 0.10906629334203899 347.76261127786927 -0.13353115322409634 168.53412462864958 50.050445099413935 177.23738872213067 81.13353115322408 356.4658753713504 30.949554900586058
100001635 0.07997187599539757 64.16150283233048 236.41608847241605 57.877028585492 428.4067767131087 93.87119535696048 429.58498184474564 100.15566960379897 237.59429360405306
100001650 0.10902480874210596 575.3989533803395 101.45158990673909 522.8799363877345 281.5918181887803 553.8697522107768 290.62674991574494 606.388769203382 110.48652163370373
100001650 0.07936590258032084 93.38923155180595 99.91505913731393 38.440982646938785 268.6061832725314 70.61076844819407 279.08494086268604 125.55901735306122 110.39381672746863
100001661 0.5441710725426674 463.8000000036569 9.5999999989249 433.800000003046 24.59999999770328 516.3999999963104 189.80000000105068 546.3999999969213 174.8000000022723
100001661 0.23625390604138374 278.67983368370096 91.84407484303125 250.5301455334904 104.51143450919237 326.9459459421068 274.3243243253362 355.0956340923173 261.65696465917506
100001664 0.9544839262962341 164.49971848012316 16.32536316101987 149.18497804208204 36.08137832531952 273.12492023462147 132.15885289694066 288.43966067266257 112.40283773264102
100001674 0.07219148334115744 305.67945638251115 105.6106156833364 268.2892823058576 230.49379709751025 291.3205436174888 237.38938431666358 328.7107176941423 112.50620290248976
100001674 0.04001220455393195 125.93609894401044 8.58850811655628 70.30095336213412 172.7121875803291 90.06390105598958 179.41149188344372 145.69904663786588 15.287812419670887
100001678 0.8295400142669678 92.85647426284469 77.10296411855045 68.98751950442336 80.9219968786787 93.29953197735762 232.87207488302516 117.16848673577893 229.0530421228969
meibote05-03-31 0.9481681287288666 1005.3185955804739 568.2470741249527 864.5838751615307 635.7997399188802 873.6814044195261 654.7529258750474 1014.4161248384692 587.20026008112
meibote05-03-31 0.8117093294858932 126.87809123633284 448.08302341100546 83.05902966792029 600.135167051233 102.85582283401186 605.8402947648852 146.67488440242442 453.78815112465776
meibote10-12-31 0.8850037902593613 363.64475231628785 75.45981441722434 320.0578296064816 227.57817467229586 344.09045454860393 234.46431362429078 387.6773772584101 82.34595336921927
meibote10-12-31 0.8844467997550964 469.8404930438101 710.1150842076809 464.3395167195979 729.2584818156679 616.1595069561898 772.8849157923191 621.6604832804021 753.741518184332
meibote10-12-31 0.8201731890439987 1169.962099832488 548.7185710856425 1030.6104346414234 617.0008870221701 1041.0379001675117 638.2814289143575 1180.3895653585766 569.9991129778299
0.5_hengxuhe_20030422 0.9565293937921524 2869.512759786291 2162.7744093804486 2748.7240807614235 2263.0290129649607 2765.487240213709 2283.2255906195514 2886.2759192385765 2182.9709870350393
0.5_hengxuhe_20030422 0.10618808446452022 2849.963122797244 1571.1651628086904 2835.9576304472066 1573.1259317369802 2857.9187916790556 1729.9913691645706 2871.924284029093 1728.0306002362809
0.5_hengxuhe_20030422 0.023572881473228335 2891.242273946001 1521.6466997326577 2860.4143456739807 1528.4288439509285 2901.757726053999 1716.353300267342 2932.5856543260193 1709.5711560490713
0.5-Kitsap-Bremerton20090911 0.031192085705697536 345.49654997182625 943.3288523991382 336.45719821184724 1071.3260733200436 356.498487386937 1072.7414186007745 365.537839146916 944.7441976798693
0.5-Kitsap-Bremerton20090911 0.028880508616566658 486.8601649339744 753.6475439229514 468.00035855144654 760.0598780920492 470.03621369638677 766.0476873427713 488.8960200789146 759.6353531736735
0.5-Kitsap-Bremerton20090911 0.02491917461156845 335.20132935204845 939.4675233564761 322.79959044114906 1074.522460095604 333.7986706479516 1075.532476643524 346.20040955885105 940.477539904396
0.5-DanDiego00-2-29 0.9617346376180649 2114.2770741811846 1571.9149651090859 1990.1623158426892 1663.7598862732702 2004.2010855500023 1682.73119668986 2128.315843888498 1590.886275525676
0.5-DanDiego00-2-29 0.9519277215003967 279.4433833574727 203.48567530788225 179.44338335497207 319.4856753057265 194.47748976669902 332.446111868125 294.4774897691997 216.4461118702808
0.5-DanDiego00-2-29 0.8438361585140228 3154.782178218852 3693.8217821822946 2990.8217821783983 3710.21782177796 2993.227722771237 3734.277227718646 3157.188118811691 3717.8811881229803
0.5-DanDiego00-2-29 0.837836965918541 244.71376024220032 177.97776291681808 140.57565624361877 300.86072562987954 157.86824945515386 315.5154656402829 262.0063534537354 192.63250292722142
0.5-DanDiego00-2-29 0.1084881464485079 2262.757639622809 1740.7744994751206 2122.6628029492604 1841.64278187296 2142.7681770263057 1869.566912537493 2282.8630136998545 1768.6986301396532
0.5-DanDiego00-2-29 0.05632438091561198 2855.424390918988 2254.1856580872977 2736.7619573458874 2333.6894885752454 2749.575609081012 2352.8143419127023 2868.2380426541126 2273.3105114247546
0.5-DanDiego00-2-29 0.0556777766905725 2921.069825437593 2885.3965087328284 2737.0798004994576 2894.596009970327 2738.930174562407 2931.6034912671716 2922.920199500543 2922.403990029673
0.5-DanDiego00-2-29 0.038708404870703816 1203.1481684732737 703.3851008369024 1162.69268761125 871.2753464123173 1184.8518315267263 876.6148991630976 1225.3073123887502 708.7246535876828
0.5_hengxuhe_20140310 0.9713513851165771 3070.034720247864 1545.2697933848674 3050.8019807630694 1562.0022767356631 3155.4604701443004 1682.299390973975 3174.6932096290943 1665.5669076231793
0.5_hengxuhe_20140310 0.9659864008426666 2789.7260788010844 1947.1500938102204 2665.804878047517 2051.243902436931 2682.2739211989156 2070.8499061897796 2806.195121952483 1966.7560975630693
0.5-PearlHarbor20171218 0.9700464457273483 1290.0951532540162 1787.2268032631525 1206.2027226405028 1922.2936165466865 1227.9048467459836 1935.7731967368477 1311.797277359497 1800.7063834533135
0.5-PearlHarbor20171218 0.9505392163991928 2135.0000000031764 2015.9999999990227 2111.0000000026876 2027.9999999980453 2182.9999999968236 2172.0000000009773 2206.9999999973124 2160.0000000019545
0.5-PearlHarbor20171218 0.9442294090986252 1248.3651726682435 1750.7839823664067 1160.841293165873 1886.4459955906727 1180.1792799401267 1898.9221160905968 1267.703159442497 1763.2601028663305
0.5-PearlHarbor20171218 0.7725444138050079 1337.014711117513 1602.2173448812473 1248.7954680261507 1738.0749792375009 1272.985288882487 1753.7826551187527 1361.204531973849 1617.925020762499
0.5-PearlHarbor20171218 0.07063070591539145 1371.3045288922535 1793.961478397187 1290.1358667352106 1910.8443518992362 1308.3701197282412 1923.5070275892842 1389.5387818852842 1806.6241540872347
0.5-DanDiego08-03-31 0.964153453707695 379.59203444708544 176.8191603884103 278.6663078568281 292.88374596210235 297.90312163472595 309.61141011753165 398.8288482249833 193.54682454383962
0.5-DanDiego08-03-31 0.9584599435329437 2994.60531129515 2244.73233520968 2862.642707132404 2335.78653207527 2875.7172278281837 2354.735112795186 3007.6798319909294 2263.680915929596
0.5-DanDiego08-03-31 0.9552848190069199 2963.315493532086 2203.3123094660777 2836.1425377672695 2291.0616489373397 2849.2170584630485 2310.010229657256 2976.390014227865 2222.260890185994
0.5-DanDiego08-03-31 0.946745976805687 2445.830347736328 1487.042149633086 2317.9062170693865 1579.1475237067864 2332.9852476271703 1600.0906217051859 2460.909378294112 1507.9852476314857
0.5-DanDiego08-03-31 0.946288987994194 796.0451249004242 471.1345688966056 707.8581788870671 599.0056406115273 729.099919418664 613.6551168407241 817.286865432021 485.78404512580244
0.5-DanDiego08-03-31 0.9409383535385132 2302.025337038752 1320.4425174466155 2169.3852719993397 1411.964162317071 2184.5072149563825 1433.880021676718 2317.1472799957946 1342.3583768062624
0.5-DanDiego08-03-31 0.9322023242712021 2077.7355192756877 1402.0224917030137 1949.885102634205 1490.2392791791412 1966.2644807243123 1513.9775082969863 2094.114897365795 1425.7607208208588
0.5-DanDiego08-03-31 0.8429785072803497 3297.1591110249215 3757.8393155707536 3141.194906087317 3778.1146622046736 3144.8242698384997 3806.032844917052 3300.7884747761045 3785.757498283132
0.5-DanDiego08-03-31 0.8420073091983795 3293.8217821792077 3696.2178217860564 3137.782178218042 3711.8217821741982 3140.1782178207923 3735.7821782139436 3296.217821781958 3720.1782178258018
0.5-DanDiego08-03-31 0.7907650470733643 2999.7227722782673 3305.2277227761456 2843.782178218042 3320.8217821741982 2846.2772277217327 3345.7722772238544 3002.217821781958 3330.1782178258018
0.5-DanDiego08-03-31 0.634612612426281 869.7191011245585 469.4494382027059 789.9999999991657 596.9999999993213 805.2808988754415 606.5505617972942 885.0000000008343 479.00000000067865
0.5-DanDiego08-03-31 0.04571832111105323 3057.3966413226863 2400.249056397846 2999.2871287125035 2453.128712870166 3022.150374704911 2478.2531590170684 3080.2598873150937 2425.373502544748
0.5-DanDiego08-03-31 0.04321520635858178 2429.8376437756037 1782.0952729224623 2305.1916760842796 1870.5939099769712 2322.6903131421655 1895.2398776658974 2447.3362808334896 1806.7412406113888
0.5-DanDiego08-03-31 0.040645841509103775 1226.5820238083766 683.2774797660833 1175.2504290014654 813.1464146250091 1194.0761258761165 820.5874015321326 1245.407720683028 690.7184666732068
0.5-DanDiego08-03-31 0.014389237854629755 923.9677339223103 527.9380764577214 845.2962640903429 645.1585665033882 862.5695475285702 656.751374180443 941.2410173605379 539.5308841347762
0.5-DanDiego10-5-24 0.9705142825841904 2545.830347736328 1579.042149633086 2417.4320337185013 1671.4889357193995 2432.5110642762857 1692.432033717799 2560.909378294112 1599.9852476314854
0.5-DanDiego10-5-24 0.9697943925857544 3214.830347736328 2527.042149633086 3087.5648050567734 2618.673340355901 3102.6438356145572 2639.616438354301 3229.909378294112 2547.9852476314854
0.5-DanDiego10-5-24 0.964394748210907 2577.830347736328 1612.042149633086 2449.9062170693865 1704.1475237067862 2464.5110642762857 1724.4320337177992 2592.4351949432266 1632.3266596440988
0.5-DanDiego10-5-24 0.9589702636003494 2903.5771812100043 2462.395973156379 2771.29530201223 2554.993288588101 2786.093959729625 2576.1342281859143 2918.3758389273994 2483.5369127541926
0.5-DanDiego10-5-24 0.9563719928264618 3032.390665516167 2716.282627486792 2903.66917093159 2807.6748886353034 2919.081377566064 2829.3822219248477 3047.8028721506407 2737.989960776337
0.5-DanDiego10-5-24 0.9492975175380707 2405.830347736328 1735.042149633086 2277.4320337185018 1827.4889357193995 2292.5110642762857 1848.432033717799 2420.909378294112 1755.9852476314857
0.5-DanDiego10-5-24 0.9440596997737885 3243.3045310872126 2566.700737620473 3114.9062170693865 2659.147523706786 3128.695468912787 2678.299262379527 3257.0937829306135 2585.852476293214
0.5-DanDiego10-5-24 0.9195615649223328 1002.2487119305833 600.2044449869479 917.7147038191191 727.8507972309994 935.7512880694167 739.7955550130521 1020.2852961808809 612.1492027690005
0.5-DanDiego10-5-24 0.9126288443803787 3129.3045310872126 2367.700737620473 3001.3804004202716 2459.806111694173 3015.169652263672 2478.957850366914 3143.0937829306135 2386.852476293214
0.5-DanDiego10-5-24 0.791034609079361 3420.087440382463 3820.593004773497 3260.0715421306304 3833.3942766254636 3261.992050873449 3857.4006359260343 3422.0079491252814 3844.599364074067
0.5-DanDiego10-5-24 0.09163506655022502 3183.099009901902 3008.9900990144147 3003.099009900991 3026.990099005306 3004.9999999990387 3045.999999995496 3184.9999999999495 3028.0000000046048
0.5-DanDiego10-5-24 0.036399316508322954 2693.913488247759 1768.7296931119379 2580.8994648049293 1846.7093692817486 2594.7639726289076 1866.8028588831967 2707.777996071737 1788.823182713386
0.5-DanDiego10-5-24 0.032680803909897804 1081.6429096259344 681.2534900810936 1029.916238059719 761.429831006122 1044.3570903740658 770.7465099189066 1096.0837619402812 690.5701689938782
0.5-DanDiego10-5-24 0.022270244546234608 2896.7794765923295 2169.516265833424 2874.5708944814037 2189.281903911022 2895.2751520556503 2212.5451146699274 2917.483734166576 2192.7794765923295
0.5-Norfolk-s-20100407 0.685700923204422 911.9876122668445 199.60668937641216 891.90399504747 210.45184267385247 968.0123877331555 351.39331062358787 988.09600495253 340.5481573261476
0.5-Norfolk-s-20100407 0.019280221546068788 750.2384677003755 1351.2053875394324 749.773635475233 1374.1959893949695 927.7615322996245 1377.7946124605676 928.226364524767 1354.8040106050307
0.5-DanDiego16-3-23 0.9712877869606018 2117.8303477363274 1699.042149633086 1990.5648050567734 1790.673340355901 2005.6438356145575 1811.616438354301 2132.909378294112 1719.985247631486
0.5-DanDiego16-3-23 0.9681345671415329 2145.830347736328 1735.042149633086 2018.0906217058885 1827.0147523685143 2033.1696522636723 1847.957850366914 2160.909378294112 1755.9852476314854
0.5-DanDiego16-3-23 0.9635116755962372 251.03152585259326 299.9609079453122 151.0315258501244 423.96090794332116 170.96847414740677 440.0390920546879 270.96847414987565 316.0390920566789
0.5-DanDiego16-3-23 0.962263435125351 2313.4889357237143 1616.567966282201 2185.090621705888 1709.0147523685146 2200.169652263672 1729.957850366914 2328.5679662814982 1637.5110642806005
0.5-DanDiego16-3-23 0.9619276970624924 2638.906040270375 2466.8657718140857 2507.0939597303072 2559.134228185437 2521.8926174477024 2580.2751677832503 2653.70469798777 2488.006711411899
0.5-DanDiego16-3-23 0.9590672105550766 2283.778523491927 1578.2550335590433 2151.4966442941527 1670.8523489907652 2167.8926174477024 1694.2751677832503 2300.174496645476 1601.6778523515281
0.5-DanDiego16-3-23 0.9563441723585129 2962.1073825522976 2522.7248322167497 2829.8255033545233 2615.322147648472 2846.221476508073 2638.7449664409564 2978.5033557058473 2546.147651009235
0.5-DanDiego16-3-23 0.9531114846467972 1991.390665516167 1576.282627486792 1863.3340203432301 1667.2028455530726 1878.609334483833 1688.7173725132077 2006.66597965677 1597.7971544469274
0.5-DanDiego16-3-23 0.7539905160665512 3087.80198019903 3406.0198019841755 2927.80198019822 3422.019801976079 2930.19801980097 3445.9801980158245 3090.19801980178 3429.980198023921
0.5-DanDiego16-3-23 0.03434443334117532 2578.076756318836 1994.517038142395 2483.5438655910566 2059.74473273976 2499.4557956762987 2082.8055009809386 2593.9886864040777 2017.5778063835737
0.5-DanDiego14-5-12 0.9723636358976364 411.63745271259904 198.44955863888512 312.03152585012435 321.96090794332116 331.362547287401 337.5504413611149 430.96847414987565 214.03909205667887
0.5-DanDiego14-5-12 0.9656158983707428 2301.670415285419 1319.3774134563466 2173.819998643936 1407.5942009324742 2188.474493596113 1428.8325994154543 2316.324910237596 1340.6158119393267
0.5-DanDiego14-5-12 0.9604842960834503 790.4985311034391 476.49214459117184 703.041640055278 604.1792055170781 722.035253543381 617.1885298244473 809.4921445915422 489.501468898541
0.5-DanDiego14-5-12 0.9528594464063644 2985.830347736328 2243.0421496330864 2858.0906217058887 2335.0147523685146 2873.1696522636726 2355.957850366914 3000.909378294112 2263.9852476314854
0.5-DanDiego14-5-12 0.9475282430648804 2773.830347736328 2332.042149633086 2646.5648050567734 2423.673340355901 2661.169652263672 2443.957850366914 2788.4351949432266 2352.326659644099
0.5-DanDiego14-5-12 0.9431292414665222 2968.5771812100043 2194.395973156379 2836.7651006699366 2286.6644295277306 2851.5637583873317 2307.8053691255436 2983.3758389273994 2215.5369127541926
0.5-DanDiego14-5-12 0.8063441962003708 2997.8217821792077 3302.2178217860564 2841.782178218042 3317.8217821741982 2844.1782178207923 3341.7821782139436 3000.217821781958 3326.1782178258018
0.5-DanDiego14-5-12 0.7844427078962326 3210.4147900493103 3209.806077297596 3054.450585111706 3230.081423931516 3057.568590814111 3254.0660831902096 3213.532795751715 3233.7907365562896
0.5-DanDiego14-5-12 0.05499173002317548 874.0384387245549 472.1808043664037 785.819195633193 608.0384387226575 803.9615612754451 619.8191956335962 892.1808043668071 483.96156127734247
0.5-DanDiego14-5-12 0.044028686825186014 3300.77506112561 3751.8337408346206 3164.8337408311736 3772.224938871842 3167.22493887439 3788.1662591653794 3303.1662591688264 3767.775061128158
0.5-DanDiego14-5-12 0.03944092523306608 2185.0440349585665 1330.4696158811316 2085.044034956192 1399.4696158776896 2100.9559650414335 1422.5303841188684 2200.955965043808 1353.5303841223104
0.5-DanDiego18-11-18 0.9453577697277069 2999.89470937635 2489.896862158611 2867.589927587007 2586.479352858112 2884.452932348454 2609.579359382249 3016.7577141377965 2512.996868682748
0.5-DanDiego18-11-18 0.9440601617097855 747.5361790745827 687.4279021348968 656.0864133254208 819.1155648090789 674.9953149389461 832.2467464855979 766.4450806881081 700.5590838114158
0.5-DanDiego18-11-18 0.9340958893299103 955.1945799312102 799.7545095101246 871.1402060656892 931.71987647476 891.2585355988256 944.5340991077419 975.3129094643466 812.5687321431066
0.5-DanDiego18-11-18 0.08379662595689297 2698.4204425730395 2432.4172813511914 2549.079030556814 2539.9430979952886 2554.9209694395736 2548.0569019996938 2704.262381455799 2440.5310853555966
0.5-DanDiego18-11-18 0.07138333935290575 2546.4424797782067 1907.5912377423451 2442.6769990685334 1972.963490584164 2455.8416493648633 1993.8597608974846 2559.607130074536 1928.4875080556658
0.5-DanDiego18-11-18 0.023463242454454303 2569.6000000014756 1937.800000001209 2478.079999999224 2006.4399999982504 2494.3999999985244 2028.199999998791 2585.920000000776 1959.5600000017496
0.5-DanDiego18-11-18 0.02336866082623601 798.1456863565734 722.9358410586169 688.0061691278864 884.8409313792348 712.3193710637875 901.3805245334761 822.4588882924744 739.4754342128582
0.5-DanDiego19961010 0.9563436210155487 1383.0593753459161 860.8638119417328 1299.0951329866712 996.8858845594835 1318.9406246540839 1009.1361880582671 1402.9048670133288 873.1141154405163
0.5-DanDiego19961010 0.9451091289520264 3482.4889357237143 2583.567966282201 3354.5648050567734 2675.673340355901 3369.6438356145572 2696.616438354301 3497.5679662814987 2604.5110642806007
0.5-DanDiego19961010 0.7649386674165726 3803.9284578706392 4076.6057233744345 3643.912559618807 4089.4069952264017 3646.151033385272 4117.387917325096 3806.166931637105 4104.5866454731295
0.5-DanDiego19961010 0.02473807241767645 3817.0630914834364 4139.192429025312 3686.029968454267 4154.916403782117 3688.055205046483 4171.793375391104 3819.0883280756525 4156.069400634298
0.5-0.479-luota-20050514 0.07658150978386402 579.6369606022535 625.4249530944437 566.0112570371718 636.8705440884211 662.7767354577549 752.0675422151196 676.4024390228362 740.6219512211422
0.5_Everitt_20171110 0.9612570405006409 563.1639344276463 1109.80327868936 463.16393442516045 1229.8032786872886 482.8360655723537 1246.19672131064 582.8360655748396 1126.1967213127116
0.5_Everitt_20171110 0.9468912184238434 675.8457149061351 950.3651991772555 579.69200765544 1078.2496298158262 599.6739499427166 1093.2736465737473 695.8276571934117 965.3892159351765
100000735 0.91251440346241 120.2294188254183 73.95426778134878 114.00728899143876 97.16281206178598 263.0207001990533 137.1127882573844 269.2428300330328 113.90424397694723
100001261 0.8805067986249924 258.5673222403961 178.86384266616162 107.39485627801429 215.14523448941796 112.43267775960389 236.13615733383836 263.6051437219857 199.854765510582
100001342 0.042644680477678776 249.78796030103035 268.4659122524155 238.37436230431575 289.2386606058627 356.44392913409683 354.1120489756647 367.85752713081143 333.3393006222174
100001475 0.8405637592077255 605.1604493535351 99.82427501027617 588.8772441552727 263.7961513560296 612.9378857847253 266.185490147446 629.2210909829876 102.2136138016925
100001475 0.3722667880356312 60.688269909604166 242.39424244988285 39.22338187220611 420.33816427890565 66.31173009039581 423.6057575501171 87.77661812779388 245.66183572109432
100001475 0.2789861746132374 79.21096778716036 19.37728343135513 60.80795084079131 198.4386383186762 91.78903221283966 201.62271656864488 110.19204915920871 22.561361681323824
100001475 0.03454933175817132 115.97764394439652 238.70588193319242 90.09942129704324 430.72229397532817 123.04019523186189 435.1617513789709 148.91841787921518 243.14533933683512
100001475 0.028728499077260494 324.17287827455664 42.01661019750334 307.81877612598856 222.07527485249287 328.82712172544336 223.98338980249665 345.1812238740114 43.92472514750712
100001555 0.7918295860290527 87.76470588635962 60.05882352969262 63.75834658578916 61.979332272511094 76.23529411364039 217.9411764703074 100.24165341421084 216.02066772748893
100001555 0.7763250917196274 56.75834658589075 267.9793322737809 31.758346585789166 269.9793322725111 44.24165341410926 426.020667726219 69.24165341421084 424.0206677274889
100001555 0.7452101111412048 45.11970075211896 55.39401496301378 21.07980050272179 56.596009974254386 28.880299247881048 212.60598503698623 52.92019949727821 211.40399002574563
100001653 0.8795719146728516 554.0183136244212 237.35597100324074 530.0770698240754 242.6230446380947 561.9816863755788 387.6440289967591 585.9229301759246 382.3769553619052
100001653 0.02563695074059069 73.8681154020891 277.95428999585835 57.907081306716876 282.1041588598407 90.13188459791088 406.0457100041417 106.09291869328311 401.8958411401594
meibote17-03-16 0.9286256283521652 227.6447523162878 211.45981441722438 184.0578296064816 363.57817467229586 207.16632650708868 370.1995204891825 250.7532492168949 218.08116023411088
meibote17-03-16 0.9225729405879974 164.55317292121475 773.7770851511968 157.5746166313829 797.7833187878737 309.5247475375829 841.9548684705428 316.5033038274148 817.948634833866
meibote17-03-16 0.9055851697921753 173.1420684966316 397.86298108372415 132.94427147356333 549.8106538289435 157.10517778159524 556.2024279845906 197.30297480466353 404.2547552393714
meibote17-03-16 0.8973642885684967 345.3710343090666 841.4710626631586 338.6242399420694 864.5450993979558 486.55020320707763 907.7983050316241 493.29699757407485 884.724268296827
meibote17-03-16 0.09365197829902172 739.102545392614 862.0082109291109 707.0799197193154 871.9352248862003 763.1802755178485 1052.9041145886601 795.202901191147 1042.9771006315707
meibote17-03-16 0.053648678585886955 651.6586901786861 1172.4974811075238 634.5931989944567 1181.3715365224548 691.3413098213138 1290.502518892476 708.4068010055433 1281.6284634775452
0.5_Everitt_20190726 0.9705147445201874 769.2164991061106 1081.461231236 672.9694256979396 1214.2821925344201 696.7835008938894 1231.538768764 793.0305743020604 1098.7178074655799
0.5-Norfolk-s-030311 0.16066948208026588 942.2402316912126 1472.570554637976 941.7575943920729 1505.5781195261302 1136.7597683087874 1508.4294453620237 1137.2424056079271 1475.4218804738698
0.5-Norfolk07-1-14 0.7908103168010712 664.4014962601647 2302.029925191052 504.4014962597566 2310.029925182891 505.6009975054162 2334.019950120618 665.6009975058242 2326.019950128779
0.5-Norfolk07-1-14 0.7769810408353806 472.4039900257456 2947.079800502722 316.3940149630138 2954.880299247881 317.5960099742544 2978.920199497278 473.6059850369862 2971.119700752119
0.5-Norfolk07-1-14 0.7714274525642395 488.4488778062536 1809.977556113801 328.44887780584565 1817.97755610564 329.6009975054163 1841.019950120618 489.60099750582435 1833.019950128779
0.5-Norfolk07-1-14 0.7713866084814072 668.3990024945838 2397.980049879382 508.39900249417565 2405.9800498712207 509.60099750541633 2430.019950120618 669.6009975058244 2422.019950128779
0.5-Norfolk07-1-14 0.757208526134491 480.40149626016466 1710.029925191052 320.40149625975664 1718.0299251828908 321.6009975054163 1742.0199501206182 481.6009975058243 1734.019950128779
0.5-Norfolk07-1-14 0.7479454576969147 432.4014962601646 2314.029925191052 272.40149625975664 2322.029925182891 273.60099750541633 2346.019950120618 433.60099750582424 2338.019950128779
0.5-Norfolk07-1-14 0.7433955520391464 485.35411471407565 1785.082294268303 329.39401496301383 1792.8802992478813 330.6433915203434 1817.8678304200273 486.6034912714053 1810.069825440449
0.5-Norfolk07-1-14 0.7402579188346863 470.3990024945838 2921.980049879382 310.39900249417565 2929.980049871221 311.59850373983534 2953.970074808948 471.5985037402434 2945.970074817109
0.5-Norfolk07-1-14 0.7342481464147568 481.3541147140757 1733.0822942683028 325.3940149630138 1740.880299247881 326.6433915203434 1765.867830420027 482.60349127140535 1758.0698254404488
0.5-Norfolk07-1-14 0.7331311255693436 709.3990024945837 1965.980049879382 549.3990024941756 1973.9800498712211 550.5985037398353 1997.970074808948 710.5985037402434 1989.970074817109
0.5-Norfolk07-1-14 0.7330310940742493 708.4014962601647 2018.029925191052 548.4014962597566 2026.029925182891 549.6009975054163 2050.019950120618 709.6009975058244 2042.019950128779
0.5-Norfolk07-1-14 0.7321042120456696 717.2567419652006 3124.382028066539 557.2706736991216 3135.5810528369857 558.6687232552769 3155.553189368075 718.6547915213558 3144.3541645976284
0.5-Norfolk07-1-14 0.709141343832016 677.7676929235073 1727.384646145661 517.7716913239733 1730.5845661694682 518.2518992395784 1754.5949620111292 678.2479008391124 1751.3950419873222
0.5-Norfolk07-1-14 0.7037259936332703 432.7680927635693 2269.4046381488088 272.77209116403515 2272.6045581726157 273.25189923957834 2296.5949620111296 433.2479008391125 2293.395041987322
0.5-Norfolk07-1-14 0.6486608237028122 500.3990024945837 2029.9800498793818 340.39900249417565 2037.980049871221 341.59850373983534 2061.970074808948 501.59850374024336 2053.970074817109
0.5-Norfolk07-1-14 0.06560910027474165 680.585772805325 1777.1924268206267 492.57498251631506 1782.8327505196812 493.4142271946751 1810.8075731793733 681.425017483685 1805.1672494803188
0.5-Norfolk07-1-14 0.039160278625786304 487.4463929859385 3139.7732164244453 347.4703068954146 3148.17178158272 348.5536070140615 3166.2267835755547 488.52969310458536 3157.82821841728
0.5-Norfolk07-1-14 0.023092535324394703 672.8830116994642 2446.3011698865803 533.8769123093633 2447.6912308733704 534.1169883005357 2471.6988301134197 673.1230876906366 2470.3087691266296
0.5-Norfolk07-1-14 0.021681072656065226 658.9232076796595 2263.320767926678 522.9268073196076 2264.6807319233217 523.0767923203404 2279.679232073322 659.0731926803924 2278.3192680766783
0.5_Everitt_20130505 0.02860218472778797 608.0373226838117 967.1284946983094 529.7354358894983 1075.1850984705115 537.8318413431929 1081.0520589444177 616.1337281375064 972.9954551722155
0.5_Everitt_20150228 0.9718535393476486 373.4674488494938 1025.3936185440741 277.7742166251113 1153.6225497199166 300.6955215325127 1170.7280011439948 396.38875375689526 1042.4990699681523
0.5_hengxuhe_20041231 0.9606293886899948 2760.920658418507 1781.265853515679 2640.7240807614235 1881.0290129649607 2657.079341581493 1900.7341464843212 2777.2759192385765 1800.9709870350393
0.5_hengxuhe_20041231 0.955096110701561 2786.208783630144 1819.9404460810285 2670.090135662187 1919.802483327582 2686.285582890891 1938.6343987109065 2802.4042308588478 1838.772361464353
0.5_hengxuhe_20041231 0.1567046381533146 2723.6908563176926 1174.6589259791895 2689.656023225757 1185.5500725668733 2744.402031926112 1356.6313497827466 2778.4368650180477 1345.7402031950628
0.5-Charlestone20141118 0.034488416742533445 552.9406753952603 557.9253665168051 551.2658859971248 575.8623609707604 682.151888308187 588.0832762192778 683.8266777063227 570.1462817653224
0.5_hengxuhe_20091027 0.9146549701690674 2631.0548961463005 1134.6246290796507 2606.0548961459695 1141.624629078468 2649.9451038536995 1298.375370920349 2674.9451038540305 1291.3753709215316
0.5_hengxuhe_20091027 0.8904738128185272 2902.258898467613 1059.0726863989948 2879.2540277292237 1065.0539527898022 2918.741101532387 1216.9273136010052 2941.7459722707763 1210.9460472101978
0.5_hengxuhe_20171209 0.9706427156925201 2754.7900552503 1915.9889502776598 2638.988950274999 2020.2099447495598 2653.657458561827 2036.508287291398 2769.458563537128 1932.287292819498
0.5_hengxuhe_20171209 0.6954868733882904 2728.1691394697514 1306.0326409491925 2701.0548961459695 1313.6246290784682 2744.758160233537 1469.707715133934 2771.872403557319 1462.1157270046583
0.5_hengxuhe_20171209 0.24540175963193178 2582.840725618939 1354.0466331082996 2556.8363567327156 1360.0276379508034 2593.4279608659426 1519.1215690001404 2619.432329752166 1513.1405641576364
0.5_hengxuhe_20171209 0.24211952090263367 2790.9406528228496 1282.2166172101092 2771.096439172709 1287.7729970311364 2814.799703260277 1443.8560830866022 2834.643916910418 1438.299703265575
0.5_hengxuhe_20171209 0.21130214538425207 2602.6278366150123 1346.4493192129394 2582.582450835667 1351.2602117989593 2619.544629345632 1505.2692889565656 2639.590015124978 1500.4583963705459
0.5_hengxuhe_20171209 0.07681302865967155 2771.666604534051 1282.5800167764523 2745.6716376216095 1289.5986578414854 2792.3333954659483 1462.4199832235474 2818.3283623783905 1455.4013421585146
meibote14-1-20 0.9627919346094131 865.9782275642056 632.7106684971018 726.2153052164022 701.1945004404104 738.0217724357944 725.2893315028982 877.7846947835978 656.8054995595896
meibote14-1-20 0.9244958460330963 337.475252462417 706.0451315294572 330.22864979432484 730.9734447073363 481.5247475375829 774.9548684705429 488.7713502056751 750.0265552926637
meibote14-1-20 0.8953988403081894 123.70490602909935 447.46692701980606 80.0021967290388 599.5523553818587 103.1059311688492 606.1913595313237 146.80864046890974 454.10593116927106
meibote18-12-18 0.9014766365289688 156.36988973969605 772.0705903216423 149.57394543147007 796.1282331724268 304.6301102603039 839.9294096783576 311.4260545685299 815.8717668275732
meibote18-12-18 0.8962380439043045 734.9898533382707 849.1029425324111 714.0139286077897 855.1859607031806 758.0877225310887 1007.1645604654277 779.0636472615699 1001.0815422946582
meibote18-12-18 0.8879937678575516 164.83046897773397 745.8957180305506 157.19866006413793 770.0122341971359 309.1695310222661 818.1042819694494 316.80133993586213 793.987765802864
meibote18-12-18 0.39343974366784096 342.6226525641816 821.9256221280611 337.09210891490534 841.0613031542838 489.11061087286225 884.997286379754 494.6411545221385 865.8616053535312
meibote18-12-18 0.04611637210473418 585.6272040326693 1035.513853903451 567.7745591960139 1044.7972292176032 626.3727959673307 1157.486146096549 644.2254408039861 1148.2027707823968
meibote18-12-18 0.030567652080208063 522.1924577398811 909.0676202852742 506.06762028833623 916.8075422611947 561.8075422601188 1032.9323797147258 577.9323797116638 1025.1924577388054
meibote18-12-18 0.029311203164979815 650.3510867168866 1179.6628588374108 635.2854387675903 1188.5515911267294 700.9071285490102 1299.7747941556722 715.9727764983064 1290.8860618663539
meibote18-12-18 0.023792907828465104 825.882676529086 1170.0687167458545 809.0642077759874 1175.6188114335196 847.0191180421382 1290.6336910456876 863.8375867952368 1285.0835963580225
0.5_zuoshibao_20140324 0.35331015661358833 1862.3731411404533 1033.7843262469887 1841.5173798044866 1040.2496122600749 1888.909679770009 1193.1279992707825 1909.765441105976 1186.6627132576964
0.5-Norfolk04-2-19 0.843780517578125 568.5621044899509 718.9561743825521 565.4511308796046 742.941780918175 721.4213512981241 763.1713814913883 724.5323249084704 739.1857749557654
0.5-Norfolk04-2-19 0.8193668574094772 786.3074227629315 748.1015067553237 781.8497958019261 773.0196414671288 937.6925772370685 800.898493244676 942.1502041980739 775.9803585328709
0.5-Norfolk04-2-19 0.7838880270719528 585.3990024945838 3141.980049879382 425.3990024941757 3149.980049871221 426.59850373983534 3173.970074808948 586.5985037402434 3165.970074817109
0.5-Norfolk04-2-19 0.7836814820766449 561.4039900257457 2925.079800502722 405.3940149630137 2932.880299247881 406.5935162086734 2956.8703241856083 562.6034912714053 2949.069825440449
0.5-Norfolk04-2-19 0.7771925330162048 584.4039900257455 3102.079800502722 427.39650872859465 3109.930174559551 428.5960099742543 3133.920199497278 585.6034912714052 3126.0698254404488
0.5-Norfolk04-2-19 0.7705139368772507 592.4014962601645 2030.029925191052 432.4014962597566 2038.0299251828908 433.6009975054163 2062.019950120618 593.6009975058244 2054.019950128779
0.5-Norfolk04-2-19 0.768524706363678 526.4039900257457 2270.079800502722 370.3940149630138 2277.880299247881 371.59351620867346 2301.8703241856083 527.6034912714053 2294.0698254404488
0.5-Norfolk04-2-19 0.7485006153583527 801.4014962601648 2018.029925191052 641.4014962597566 2026.0299251828908 642.6009975054163 2050.019950120618 802.6009975058244 2042.019950128779
0.5-Norfolk04-2-19 0.7466429620981216 518.4039900257457 2414.079800502722 362.3940149630138 2421.8802992478813 363.5935162086734 2445.8703241856083 519.6034912714052 2438.069825440449
0.5-Norfolk04-2-19 0.7416101545095444 778.3541147140756 1969.0822942683028 622.3940149630138 1976.880299247881 623.6433915203434 2001.8678304200273 779.6034912714052 1994.069825440449
0.5-Norfolk04-2-19 0.7025520652532578 541.3566084796565 2317.1321695799725 386.3940149630138 2324.880299247881 387.59351620867346 2348.8703241856083 542.5561097253163 2341.1221945177003
0.5-Norfolk04-2-19 0.6928467005491257 585.4039900257455 1978.0798005027216 429.3940149630138 1985.8802992478809 430.5935162086734 2009.8703241856083 586.6034912714053 2002.069825440449
0.5-Norfolk04-2-19 0.06943814782425761 564.7785486106487 560.0665896575263 563.3110197727705 575.0207085154378 766.2214513893514 594.9334103424737 767.6889802272296 579.9792914845622
0.5-Norfolk04-2-19 0.025846031494438648 639.8903746230377 1299.599142472963 636.2240834271975 1323.6500127174995 746.2586025216892 1340.4235674576357 749.9248937175294 1316.3726972130992
0.5-Norfolk04-2-19 0.025689507834613323 775.2241653425945 3127.3020667762335 632.1796502387027 3138.7456279772323 633.7758346574055 3158.6979332237665 776.8203497612972 3147.2543720227677
0.5-DanDiego02-11-6 0.9645708203315735 2281.014752372829 1736.9093782948141 2153.27502634239 1828.8819810302425 2169.9852476271703 1852.0906217051859 2297.72497365761 1760.1180189697575
0.5-DanDiego02-11-6 0.9623321294784546 383.5428751590203 304.566834805318 283.5428751565514 428.5668348033269 303.9684741474067 445.0390920546879 403.9684741498756 321.03909205667895
0.5-DanDiego02-11-6 0.9610962718725204 2252.460402413618 1706.5223223378787 2124.609985772135 1794.7391098140063 2137.6845064679146 1813.6876905339223 2265.5349231093974 1725.4709030577947
0.5-DanDiego02-11-6 0.9562384486198425 3127.6375838945914 2563.0536912771204 2995.825503354524 2655.322147648472 3012.691275165779 2679.416107380586 3144.5033557058473 2587.147651009235
0.5-DanDiego02-11-6 0.9561037570238113 2428.5425963508033 1576.187626776717 2297.330628801964 1675.9087221071732 2312.4574036491967 1695.812373223283 2443.669371198036 1596.0912778928268
0.5-DanDiego02-11-6 0.9559570699930191 2132.6800000018693 1575.2400000018315 2004.6799999987495 1671.239999997672 2018.83999999814 1690.1199999981372 2146.8400000012593 1594.1200000022968
0.5-DanDiego02-11-6 0.8301436305046082 3307.376971609994 3882.4747634108567 3147.400630915011 3901.6719242860804 3150.7555205035096 3929.6293375354785 3310.731861198493 3910.4321766602548
0.5-DanDiego02-11-6 0.7915460765361786 3297.7414287135816 3819.5584428454276 3145.710996937235 3836.2817903330565 3148.355300858557 3860.320916901693 3300.3857326349034 3843.5975694140643
0.5-DanDiego02-11-6 0.04296320793218911 932.1707317086364 647.5365853666885 834.4146341452481 769.7317073159854 848.3170731694165 780.8536585357698 946.073170732805 658.6585365864728
0.5-DanDiego02-11-6 0.04119118908420205 866.2395745037352 616.0794935604836 803.8205857413662 717.8224452400038 813.7604254962647 723.9205064395163 876.1794142586336 622.1775547599962
0.5-DanDiego02-11-6 0.04069410264492035 804.003930377613 599.9146546891212 698.0802919696706 743.9708029185774 719.9960696223872 760.0853453108788 825.9197080303294 616.0291970814225
0.5-DanDiego02-11-6 0.014313999330624938 3221.8852867832766 3480.7057356631826 3128.8678304239547 3485.356608476392 3129.1172069823047 3490.3441396484877 3222.134663341626 3485.693266835278
0.5-DanDiego14-1-18 0.9588693976402283 2578.5700737637567 1610.0695468934764 2446.114857743728 1705.4373024211695 2459.4299262362433 1723.9304531065236 2591.885142256272 1628.5626975788305
0.5-DanDiego14-1-18 0.95186947286129 2207.4450762489437 1526.7906435789528 2083.330317910448 1618.6355647431371 2098.6792452811897 1639.377358488806 2222.794003619685 1547.5324373246217
0.5-DanDiego14-1-18 0.9482598006725311 2435.906040270375 1443.8657718140857 2304.0939597303072 1536.134228185437 2318.093959729625 1556.1342281859143 2449.9060402696928 1463.865771814563
0.5-DanDiego14-1-18 0.947565108537674 2372.906040270375 1699.8657718140857 2241.0939597303072 1792.134228185437 2255.093959729625 1812.1342281859143 2386.906040269693 1719.865771814563
0.5-DanDiego14-1-18 0.9462577849626541 3131.0958904128715 2361.4109589060895 2999.114857743728 2456.4373024211695 3012.9041095871285 2475.5890410939105 3144.885142256272 2380.5626975788305
0.5-DanDiego14-1-18 0.9422185271978378 2999.37093091721 2677.549220433807 2867.066149127867 2774.1317111333083 2882.62906908279 2795.4507795661925 3014.933850872133 2698.8682888666917
0.5-DanDiego14-1-18 0.9359867721796036 3250.2827721718163 2560.2648872048144 3117.642707132404 2651.78653207527 3130.7172278281837 2670.7351127951856 3263.357292867596 2579.21346792473
0.5-DanDiego14-1-18 0.9315548092126846 3219.2827721718163 2524.2648872048144 3086.642707132404 2615.78653207527 3099.7172278281837 2634.7351127951856 3232.357292867596 2543.21346792473
0.5-DanDiego14-1-18 0.9220802783966064 2896.7829415369515 2465.989770342744 2768.465076890603 2554.5290969422053 2781.539597586382 2573.477677662121 2909.8574622327305 2484.9383510626603
0.5-DanDiego14-1-18 0.7898215800523758 3340.603960397149 3337.0396039643533 3180.603960396339 3353.039603956257 3183.40594059294 3381.059405936587 3343.4059405937496 3365.0594059446835
0.5-DanDiego14-1-18 0.7115620151162148 993.4985311034391 593.4921445911718 906.8271809928386 720.0323157482792 925.8207944809417 733.0416400556484 1012.4921445915422 606.5014688985409
0.5-DanDiego14-1-18 0.32505201548337936 2314.58205628459 1457.2758428546904 2215.7383672323976 1522.512677624114 2228.4179437154103 1541.7241571453094 2327.2616327676024 1476.487322375886
100000649 0.04179760441184044 113.40660731768237 0.49531240198484816 106.54588148333018 144.5019476647599 126.54812343218605 145.4548891582756 133.40884926653823 1.4482538955005402
100000656 0.9631360769271851 426.912596401676 156.94858611744812 415.0874035993582 177.0514138807937 551.0874035983239 257.0514138825519 562.9125964006417 236.9485861192063
100000656 0.9583093971014023 247.2158347491938 42.38250605416124 233.00966008781327 65.25444725826875 361.23237103572933 144.89588263213508 375.4385456971098 122.0239414280276
100000665 0.9117861539125443 165.03888551678918 41.304834649065725 142.02873014793582 50.278795241745954 198.29962676509825 194.56314556101546 221.30978213395161 185.58918496833522
0.5-Kitsap-Bremerton20110820 0.02114003524184227 485.33916608677606 683.9166083395589 469.34076592677565 684.0765923403405 470.67073292327285 817.0732926703924 486.66913308327327 816.9133086696107
0.5-Kitsap-Bremerton20060731 0.029236913425847888 572.1964190746415 924.317142350646 563.8241446551938 1081.2972877149423 588.8064173018874 1082.6296755894355 597.1786917213352 925.6495302251392
