0.5-Norfolk06-4-30 0.6855098605155945 487.87919196051934 1787.9884565671541 315.88197830680497 1800.028261514121 318.1208080394806 1832.0115434328459 490.118021693195 1819.971738485879
0.5-Norfolk06-4-30 0.5939896702766418 508.64414234406416 3138.2071171577036 328.6361455426211 3141.8072770845256 329.35585765593584 3177.792882842296 509.3638544573789 3174.1927229154744
0.5-Norfolk06-4-30 0.584121972322464 931.1355121572471 3174.591869275174 750.1271422882276 3185.45237145806 751.8047030679929 3213.411717811309 932.8130729370125 3202.551215628422
0.5-Norfolk06-4-30 0.02241920097731054 388.9846755266059 2334.2677966612273 389.0055956219994 2335.2673588191305 319.0153244733941 2336.7322033387727 318.99440437800064 2335.7326411808695
0.5-DanDiego05-11-16 0.9416803419589996 2970.186452384617 2139.9564316674077 2830.573168433658 2247.458660302559 2851.441333414899 2274.5601732669966 2991.0546173658586 2167.0579446318457
0.5-DanDiego05-11-16 0.8555366843938828 3387.9227129351452 3635.689274452173 3215.8801261833346 3656.334384853599 3220.1955835947742 3692.296529964243 3392.238170346585 3671.6514195628165
0.5-DanDiego05-11-16 0.10026924079284072 1472.2996230275653 1119.2135993866395 1453.8449306998268 1148.5565601868147 1629.9838156504898 1259.3357331152674 1648.4385079782282 1229.9927723150925
0.5-DanDiego05-11-16 0.07445913599804044 2408.7180619800065 1753.6388984766843 2278.7643039536224 1840.7079163477579 2294.8195182532872 1864.6709227669853 2424.7732762796713 1777.6019048959117
0.5-DanDiego05-11-16 0.04757746588438749 1095.313963574445 674.0450997402406 1002.5450997388903 826.1860364258823 1032.4150043353434 844.3993928876929 1125.183868170898 692.2584562020512
0.5-DanDiego05-11-16 0.026864385697990656 1049.6940874048446 648.8200514143134 948.3059125954139 821.1799485852472 982.3059125951552 841.1799485856867 1083.6940874045863 668.8200514147529
0.5-DanDiego05-11-16 0.022121132584288716 3385.1187724202773 3417.3128736587773 3229.1402949387143 3426.671582299696 3230.8214428049623 3454.6907134277053 3386.7999202865253 3445.3320047867865
0.5-Kitsap-Bremerton20140711 0.8076363950967789 327.42769736992625 1124.1436499692932 318.65522718484027 1304.154738166901 354.61855083890345 1305.9073367855235 363.3910210239894 1125.8962485879156
0.5-Charlestone20180309 0.10774644720368087 682.859021993771 618.0169575092151 675.3707760305696 652.9121836973685 833.1850006162423 686.7778971281249 840.6732465794438 651.8826709399715
0.5-Norfolk-s-140424 0.017832052195444703 844.8681186935232 1521.603956443279 685.8612248977072 1526.3741632490214 686.1318813064768 1535.396043556721 845.1387751022928 1530.6258367509786
0.5-Norfolk09-11-15 0.17995175905525684 245.0822942655484 2823.6458852921983 31.067331671501663 2834.346633410957 32.867830422781644 2870.356608473383 246.88279301682837 2859.655860354624
0.5-Norfolk09-11-15 0.041528500616550446 396.9645820846251 2827.20947212883 397.0092951995104 2828.207468853074 316.0374211911314 2831.8352409860554 315.99270807624606 2830.837244261812
100000962 0.3573840856552124 473.70906200441254 141.86327504484615 270.7281399050065 158.10174880242263 273.2909379955874 190.13672495515382 476.2718600949935 173.89825119757737
100001048 0.9402050375938416 414.0965347638493 12.350915719788805 297.63994905229606 143.9468575679536 319.4071764224099 163.2098906397131 435.86376213396323 31.61394879154831
100001048 0.7690006494522095 269.6743288876324 164.07731875990203 158.3899694571352 299.84423725948477 185.32567111236762 321.922681240098 296.61003054286476 186.1557627405152
100001075 0.8332273960113525 35.93994591127303 220.15285475804734 30.195923067974324 247.20720234970426 198.060054088727 282.8471452419526 203.80407693202568 255.79279765029574
100001075 0.8165850043296814 236.45512246919404 262.9992017133423 231.38339407441555 293.98746220519513 403.5187897349373 322.1601947194136 408.5905181297158 291.17193422756077
100001092 0.8609305173158646 374.6940063135693 52.11671924317363 342.7933753985082 55.94479495135089 363.3201892700151 227.00157728674586 395.22082018507604 223.17350157856862
100001100 0.08666626363992691 138.001599840016 196.84001599840016 137.991600839916 197.83991600839917 169.99840015998402 198.15998400159984 170.008399160084 197.16008399160083
100001168 0.1342058265581727 208.45797672814254 189.8581983889525 43.62822486149638 320.07370235523706 70.54202327185747 354.14180161104747 235.37177513850364 223.92629764476294
100001168 0.03790758969262242 403.08598850747586 22.613470232356395 244.3392667803524 163.8980525614473 268.35600691685846 190.8831538399577 427.10272864398195 49.59857151086684
100001212 0.09271760564297438 176.26103071000276 13.218672785146062 113.97282033134191 190.11719025744682 136.05224143966618 197.89163430980972 198.34045181832704 20.99311683750898
100001224 0.02532242308370769 401.5769230808128 39.88461538437747 379.65384615750173 44.269230767920355 410.23076922692485 197.15384615406512 432.15384615023595 192.76923077052223
100001308 0.14108367636799812 196.76609463875198 91.4010514834204 160.69824422696013 94.64715801863812 179.23390536124805 300.5989485165796 215.30175577303987 297.35284198136185
100001312 0.029225918697193265 377.00000000081855 302.99999999994884 378.00000000081855 303.0 377.99999999918145 335.00000000005116 376.99999999918145 335.0
100001331 0.2333240108564496 384.7956950025919 289.97592119572283 364.71178402077567 326.9303174012562 545.5567311192457 425.2156147400636 565.6406421010619 388.26121853453014
0.5_zuoshibao_20090221 0.770907998085022 1817.7238307391453 483.49665924210086 1785.7861915404112 494.67483296002956 1845.9643652519817 666.6124721609889 1877.9020044507156 655.4342984430602
0.5-PearlHarbor-n20140811 0.9727121144533157 476.99685017054986 666.121984396417 325.3396091333355 761.6660462421523 345.00314982945014 792.878015603583 496.6603908666645 697.3339537578477
0.5-PearlHarbor-n20140811 0.9630970656871796 492.9332603961854 695.7253829343506 345.4496717712814 796.0142231917915 368.0667396038147 829.2746170656494 515.5503282287187 728.9857768082085
0.5-PearlHarbor-n20171218 0.9743647128343582 793.6648616594726 329.17773162486094 637.6823677757237 421.20740300833995 655.8974853474442 452.08048364103587 811.879979231193 360.05081225755686
0.5-PearlHarbor-n20171218 0.9583792686462402 633.8062094622918 814.9282122320092 477.1485314469231 910.4893958134185 495.63836454833177 940.8005976215331 652.2960425637006 845.2394140401237
0.5-PearlHarbor-n20171218 0.9485323578119278 653.5401676456388 850.6613010930673 497.5576737618901 942.6909724765462 514.8974853474443 972.0804836410359 670.879979231193 880.0508122575569
100001392 0.07122980710119009 41.107253781776606 238.54813996692658 12.306094280778826 257.8449168311315 115.89274621822341 412.45186003307344 144.6939057192212 393.1550831688685
100001397 0.09806296089664102 191.86426129461887 209.26709535784178 188.19681041954732 234.3157848344056 348.1357387053811 257.7329046421582 351.8031895804526 232.68421516559434
100001422 0.6816174983978271 536.9278148337771 194.77010592408496 505.83719105956243 199.12279325088664 529.9348764177422 371.2491173006954 561.0255001919569 366.89642997389365
100001422 0.2829461842775345 586.8406940106573 193.3391167194284 558.8832807612591 196.69400630792765 579.173501572927 365.7791798104913 607.1309148223252 362.42429022199207
100001422 0.08823104249313474 366.9306930744878 206.30693069341652 332.970297034692 209.7029702956605 353.06930692551214 410.6930693065835 387.02970296530793 407.29702970433954
100001463 0.7147807404398918 98.96044763103282 195.07282846684956 74.92113209961602 215.02546035670585 191.03955236896715 354.92717153315044 215.07886790038395 334.97453964329407
100001485 0.9376231282949448 64.82137344521185 178.5254359738927 43.50704456690349 209.00492626879884 187.1786265547881 309.47456402610726 208.49295543309648 278.9950737312011
100001501 0.6913511157035828 359.13402061885137 99.05154639129195 346.86597938153375 130.9484536077063 502.8659793811486 190.948453608708 515.1340206184661 159.05154639229366
100001543 0.8497235625982285 435.4284569758017 204.67609999275606 386.8175594199349 368.4948247536239 416.84426514706416 377.40482645319946 465.45516270293086 213.58610169233168
100001569 0.6911867335438728 152.52527888575628 212.856546414034 127.64433427036671 231.01963598200481 227.65085784857982 368.01487376990957 252.53180246396937 349.8517842019388
100001603 0.8434738963842392 523.9619862717425 28.7426609618963 487.9285501088362 31.265001491457593 500.03801372825757 204.25733903810368 536.0714498911638 201.7349985085424
100001603 0.7672478258609772 587.9814907000155 252.02129565171367 559.9787043530175 253.98149069457193 572.0185092999844 425.9787043482862 600.0212956469824 424.018509305428
100001607 0.09173440933227539 382.8045738081494 85.78794178703579 355.8607068637637 97.91268191063715 426.19542619185063 254.2120582129642 453.13929313623646 242.0873180893628
100001625 0.8500444889068604 320.1043492541921 5.370955851247915 292.16594315977375 18.50200671420193 367.3297567332531 178.425014334675 395.2681628276713 165.29396347172099
100001625 0.7066422700881958 412.3116540147624 191.41663915393812 384.2660944236003 204.31759656444444 456.06800924041 360.40871574870187 484.1135688315721 347.5077583381956
100001628 0.9460321813821793 327.5225863607978 92.79450841345412 306.6899911432865 120.91851195604296 447.47741363920227 225.20549158654586 468.3100088567136 197.08148804395705
100001635 0.7999430298805237 278.19192313761533 260.84559911659096 265.826293372177 440.88916850083297 298.8080768623846 443.1544008834089 311.173706627823 263.1108314991669
100001635 0.5686150714755058 70.90260233724344 236.0202435993428 59.15486322125249 429.03559727457156 91.09739766275658 430.97975640065727 102.84513677874752 237.9644027254284
100001638 0.8852238804101944 359.87791307499947 107.19982259395675 331.7672768354303 120.97403434991455 408.1220869250006 276.80017740604325 436.2327231645696 263.0259656500855
100001638 0.8481033444404602 403.8779130749995 79.19982259395678 376.57366341719006 92.5789049248934 453.12208692500053 248.80017740604322 480.42633658280994 235.42109507510662
100001650 0.8613002598285675 94.74102421412698 101.5990815475028 42.87628722481439 269.64082939030817 70.97717784542972 278.3139437795195 122.84191483474231 110.27219593671411
100001650 0.086498212069273 575.9320109933025 100.71932130485538 523.9425259884457 283.72230851938485 552.8797944792739 291.9431234316672 604.8692794841305 108.94013621713776
100001661 0.09422268904745579 282.4879356607841 91.7453083100948 249.3109919604464 106.34316353655356 324.51206433921595 277.25469168990526 357.68900803955364 262.6568364634465
0.5_hengxuhe_20030422 0.8791065365076065 2836.000000004419 1556.9999999997117 2804.0000000040345 1564.9999999981749 2847.999999995581 1741.0000000002879 2879.9999999959655 1733.000000001825
0.5-DanDiego00-2-29 0.9519783854484558 2704.4161073847454 1998.308724834357 2560.3221476497674 2099.1744966415217 2580.0536912729613 2127.362416105272 2724.147651007939 2026.4966442981079
0.5-DanDiego00-2-29 0.9267656952142715 723.883456573284 454.6688003535893 632.6242136620621 602.5087738651757 662.3924511631811 620.884229113351 753.651694074403 473.0442556017645
0.5-DanDiego00-2-29 0.8924411982297897 2917.5706775133563 2885.1186390282737 2741.5563932153686 2900.959924606096 2744.4293224866437 2932.881360971726 2920.4436067846314 2917.040075393904
0.5-DanDiego00-2-29 0.646396741271019 641.3761283865002 413.4433299905188 540.5987963881536 562.5937813429924 571.6238716135 583.5566700094811 672.4012036118467 434.4062186570074
0.5-DanDiego00-2-29 0.27919458458200097 2516.6800000020967 2127.240000001864 2381.799999998804 2228.399999997485 2402.3199999979033 2255.7599999981358 2537.200000001196 2154.600000002515
0.5-DanDiego00-2-29 0.20949053578078747 2263.5732349863074 1742.9072708133926 2123.9525816636437 1843.4341411986188 2142.7681770263057 1869.566912537493 2282.3888303489693 1769.0400421522663
0.5-DanDiego00-2-29 0.04233885044232011 3114.115645590893 3329.5049660780946 2922.110532009151 3354.4656308339113 2925.884354409107 3383.4950339219054 3117.889467990849 3358.534369166089
0.5-DanDiego08-03-31 0.803126186132431 3271.5706775133563 3546.1186390282737 3095.5563932153686 3561.959924606096 3098.4373574038054 3593.9706378291307 3274.4516417017935 3578.129352251309
0.5-DanDiego08-03-31 0.5910920947790146 550.4053290283205 233.87605975024212 453.96111921892725 377.5779323613774 482.05738952079895 396.4344896115935 578.5015993301921 252.73261700045822
0.5-DanDiego16-3-23 0.09845443442463875 1228.723703977352 1130.7193106763993 1213.6561038522975 1154.676794874477 1331.5597347007028 1228.8300218255076 1346.6273348257573 1204.87253762743
0.5-DanDiego16-3-23 0.029640090186148882 3037.2024082005223 3411.605831427712 2968.1905662259596 3416.4366603624035 2969.867250471932 3440.3892924652196 3038.879092446495 3435.5584635305286
0.5-Norfolk-s-20100407 0.5487636551260948 974.0902111356953 111.80038387603358 947.4491362790513 126.45297504583233 1030.9097888643046 278.1996161239664 1057.5508637209487 263.5470249541677
0.5-Norfolk-s-20100407 0.0648432660382241 917.9962216654922 200.7619647345546 894.1926952166184 213.13979848675754 966.0037783345078 351.23803526544543 989.8073047833816 338.8602015132425
0.5-DanDiego15-4-15 0.10174806974828243 1470.0860149174773 987.0175554081598 1435.8643620655585 1135.1973122552936 1460.9139850825227 1140.9824445918405 1495.1356379344415 992.8026877447064
0.5-DanDiego15-4-15 0.023619959829375148 669.9185581715603 522.7215753073298 575.4661962519422 652.1213111324407 602.6052348000356 671.9308283215597 697.0575967196538 542.5310924964488
0.5-DanDiego14-5-12 0.060043098870664835 2546.301755365323 1985.8208414615956 2439.5867929777487 2056.2527166319715 2457.157982723267 2082.875731399958 2563.872945110841 2012.4438562295827
0.5-DanDiego18-11-18 0.05854996107518673 2997.844757465484 3148.163971831421 2868.8099394905075 3159.7771054425734 2871.147207617354 3185.746751311174 3000.182025592331 3174.1336177000217
0.5-DanDiego18-11-18 0.05352920759469271 2401.214765102345 2063.449664431011 2296.4496644286924 2136.7852348972456 2313.315436239948 2160.8791946293595 2418.080536913601 2087.543624163125
0.5-DanDiego18-11-18 0.04439432732760906 1909.6354056918806 1482.3825079045703 1801.521601685067 1560.2244467839846 1818.7060063207325 1584.0916754463149 1926.819810327546 1506.2497365669003
0.5-DanDiego18-11-18 0.04313405090942979 2449.7428276057717 1743.4903075745087 2341.0584130257084 1823.9167743582366 2358.903334193174 1848.0315326943041 2467.5877487732373 1767.6050659105765
0.5-DanDiego18-11-18 0.0319498076569289 851.9438202256074 739.0898876407872 782.6741573026943 849.9213483139613 805.5056179766459 864.19101123563 874.7752808995592 753.359550562456
100000622 0.042977730045095086 228.56067426681213 159.62225840940957 14.548606455020664 204.56479263896009 21.238195573286283 236.4199789241595 235.25026338507774 191.47744469460898
100001475 0.8809790313243866 131.9989218989503 22.909282450505522 112.02184152973336 194.91194442852915 148.0010781010497 199.0907175494945 167.97815847026664 27.088055571470875
100001475 0.6798138841986656 80.81079541576918 19.054182141307443 59.17097678227836 199.09747317093618 91.18920458423082 202.94581785869255 112.82902321772164 22.90252682906381
100001475 0.06283935531973839 61.771266825720176 239.30183142819516 38.16129278040424 423.22352924009255 65.22873317427982 426.6981685718049 88.83870721959576 242.7764707599075
0.5-Norfolk-s-030311 0.8615594655275345 1246.0433414930064 213.90353023347512 1214.096469769286 226.04334148686078 1277.9566585069936 394.09646976652476 1309.903530230714 381.95665851313913
0.5-Norfolk-s-030311 0.08902167156338692 942.8670473052499 1470.5492170204836 941.1825520699251 1500.5669221139 1135.1888932558636 1511.4539221804766 1136.8733884911885 1481.4362170870604
0.5-Norfolk-s-030311 0.03933736542239785 845.6133479875158 4438.111599561889 785.6073533825785 4439.911779396968 786.356678988257 4464.889299628836 846.3626735931944 4463.089119793757
0.5-Norfolk11-5-1 0.0258077101316303 116.05324534813062 2168.2722931773765 115.95328002706266 2175.270865305343 216.94695863358842 2176.713426062471 217.0469239546564 2169.7148539345044
0.5-DanDiego12-10-28 0.13543656235560775 759.781498536104 557.7270824617489 663.6429468387017 719.2398493085487 686.778987022701 733.0113017994368 782.9175387201032 571.498534952637
0.5-PearlHarbor-n20130120 0.9769430905580521 788.8080614226419 1039.1055662216074 628.8080614192045 1127.1055662153576 645.8464491339261 1158.0844529722626 805.8464491373635 1070.0844529785124
0.5-PearlHarbor-n20130120 0.964732438325882 673.6989924456454 889.0365239323713 513.7808564221567 972.1939546564467 530.0881612067801 1003.5541561684073 690.0062972302688 920.3967254443319
0.5-PearlHarbor-n20130120 0.9576027989387512 638.1668696734389 678.2265529868507 482.3203410464186 765.5006090100538 499.8331303265611 796.7734470131493 655.6796589535813 709.4993909899463
0.5-PearlHarbor-n20130120 0.934949517250061 653.8823529433848 711.4705882378279 501.52941176351817 802.8823529380004 518.1176470566153 830.529411762172 670.470588236482 739.1176470619996
0.5-Norfolk07-1-14 0.7959537357091904 707.8791919605193 3072.988456567154 535.8123196343507 3085.0331376211893 538.1256841465489 3118.0812021053002 710.1925564727176 3106.036521051265
0.5-Norfolk07-1-14 0.7134222090244293 552.7567567567971 1494.4594594593498 547.4324324324314 1526.4054054052883 722.4054054053662 1555.5675675676778 727.7297297297321 1523.6216216217392
0.5-Norfolk07-1-14 0.19688379438593984 439.8596875322464 2399.7098218773367 259.83182406262364 2412.3117723110067 262.209971140208 2446.2853020155953 442.23783460983077 2433.6833515819253
0.5-Norfolk07-1-14 0.02361251856200397 331.0790469335313 1461.3011381800327 326.9792056079353 1490.2870163518014 534.9209530664687 1519.6988618199673 539.0207943920647 1490.7129836481986
0.5-Norfolk07-1-14 0.016122172120958567 684.8603724526292 1787.0688885484997 685.1221517927495 1800.063614992091 493.1396275473709 1803.9311114515003 492.87784820725057 1790.936385007909
0.5-PearlHarbor-n20060731 0.9543885588645935 503.3485897552075 694.8173602532563 347.4197215933808 789.9339698240422 364.4780263806266 817.8984039038252 520.4068945424533 722.7817943330394
0.5-PearlHarbor-n20060731 0.584842711687088 617.4913627659054 273.52975048203325 488.89251439459207 344.2591170797128 505.9309021093137 375.2380038366177 634.529750480627 304.50863723893815
0.5_Everitt_20150228 0.2493176453281194 502.3243243260985 811.9459459467068 373.9459459446619 991.6756756742423 413.67567567390154 1020.054054053293 542.0540540553382 840.3243243257576
0.5_hengxuhe_20041231 0.13950219191610813 2726.0822917658516 1176.3944895535083 2690.127543111006 1187.5404616346766 2742.200529144611 1355.5178359642628 2778.155277799456 1344.3718638830944
0.5-Charlestone20141118 0.01605674414895475 548.32303420961 561.137347338106 547.583071861546 579.1480308899521 687.5932498825475 584.9002978587781 688.3332122306114 566.8896143069319
0.5-DanDiego19961010 0.9451667964458466 3354.024659578213 2381.5429848948957 3201.968565814019 2486.4616895844642 3221.507892416922 2514.7795542284375 3373.5639861811155 2409.8608495388694
0.5-DanDiego19961010 0.8655618876218796 3769.9458551540843 3875.325955937545 3593.98498172161 3894.681652006125 3597.945459933407 3930.6859994028255 3773.9063333658814 3911.3303033342454
0.5-DanDiego19961010 0.8601415157318115 3547.861198739563 3900.1766561554355 3383.8233438489974 3919.8611987339214 3388.138801260437 3955.8233438445645 3552.1766561510026 3936.1388012660786
0.5_zuoshibao_20140324 0.27336458675563335 1394.6329214881255 2220.882024711665 1357.6460741384597 2223.1012355507537 1370.3670785118745 2435.117975288335 1407.3539258615403 2432.898764449246
0.5-Norfolk04-2-19 0.9020561277866364 431.4997017208014 1625.1768881074468 426.4457557908755 1657.1683658436355 602.4759489540397 1684.977243120807 607.5298948839657 1652.9857653846186
0.5-Norfolk04-2-19 0.8971917182207108 435.2347004807061 1541.9325035438294 430.7736492833399 1574.0074616526801 603.765299519294 1598.0674964561706 608.22635071666 1565.9925383473199
0.5-Norfolk04-2-19 0.0872610635124147 569.7829800696045 559.2306232204648 568.2613097121166 576.2733312242607 764.2170199303954 593.7693767795352 765.7386902878834 576.7266687757393
0.5-DanDiego02-11-6 0.9562090784311295 2698.758389264004 2296.369127518944 2551.040268455096 2399.771812077676 2571.241610735996 2428.630872481056 2718.959731544904 2325.228187922324
0.5-DanDiego02-11-6 0.9546930491924286 2846.58979711878 2123.7394481069264 2703.299301975397 2228.3415095543187 2724.7578446060234 2257.736773433934 2868.0483397494063 2153.1347119865413
0.5-DanDiego02-11-6 0.8762265145778656 3058.4914196582486 3685.3213728590467 2886.572542901783 3712.8283931313003 2891.6895475803785 3744.809672382731 3063.6084243368437 3717.3026521104775
0.5-DanDiego02-11-6 0.2506498098373413 801.1403705797148 604.809096014118 700.3121841651562 741.9354295328296 727.3823694539687 761.839977540048 828.2105558685275 624.7136440213364
0.5-DanDiego14-1-18 0.03887389018200338 2534.439824947141 1931.9409190388626 2419.5328227562377 2010.0776805228384 2438.560175052859 2038.0590809611372 2553.4671772437623 1959.9223194771616
0.5-DanDiego14-1-18 0.02864574850536883 992.2047515658409 593.9210627160504 905.9996168084205 719.7805594575384 929.7952484341591 736.0789372839496 1016.0003831915795 610.2194405424616
0.5-Kitsap-Bremerton20170523 0.8613705337047577 421.2797437706736 913.1368603882436 412.70827935652585 1089.10902481035 448.7202562293263 1090.8631396117567 457.2917206434742 914.8909751896499
0.5-Kitsap-Bremerton20110820 0.7889512628316879 325.7370628529268 916.1983796443153 318.2472743542107 1096.1779972681722 358.2612083619891 1097.8431630612577 365.7509968607052 917.8635454374008
