0.5-Norfolk06-4-30 0.022514812881127 533.9439107653543 2650.461891078546 534.0392554292289 2656.476232475758 467.0402403324711 2657.538360172281 466.9448956685966 2651.524018775069
0.5-DanDiego12-10-28 0.8280286490917206 2790.7997260104357 2180.2462000138953 2731.1807032416727 2223.7680866320643 2739.2002739895643 2234.7537999861047 2798.8192967583273 2191.2319133679352
0.5-DanDiego12-10-28 0.10835977550595999 797.9886258199202 594.4174024965289 758.0802179049634 655.4772666044023 772.4693346099101 664.8819180458536 812.3777425248669 603.8220539379802
0.5-DanDiego12-10-28 0.08876686403527856 1270.0556238239885 798.5903964909091 1237.7406088130572 873.8843814647646 1252.9443761760115 880.4096035090909 1285.259391186943 805.1156185352354
0.5-Norfolk19-04-22 0.10900643467903137 788.2813212980973 2634.0146810854344 700.2741791491034 2641.9353238743456 701.7186787019027 2657.9853189145656 789.7258208508966 2650.0646761256544
0.5-Kitsap-Bremerton20170523 0.0422362363897264 2197.883666043949 191.1051234146384 2183.8606549316623 192.92811485851917 2184.116333956051 194.89487658536163 2198.1393450683377 193.07188514148086
0.5-Kitsap-Bremerton20170523 0.03206356102600694 1277.1396508747262 643.7930174564754 1269.109725687704 644.1945137154158 1272.8603491252738 719.2069825435248 1280.890274312296 718.8054862845843
0.5-Kitsap-Bremerton20170523 0.020216903183609247 480.5973610566138 724.8680527792054 468.60215913735703 725.107956816977 469.4022391033243 765.1119552176473 481.39744102258106 764.8720511798756
0.5-DanDiego15-4-15 0.6560870260000229 3137.1468234370004 3158.243849423675 3069.198992194627 3165.718110856864 3070.961861475508 3181.7441952359545 3138.9096927178816 3174.269933802766
0.5-DanDiego15-4-15 0.6241796910762787 3215.03481168316 3149.5754744829283 3147.0143573607647 3158.418133541364 3149.0930278290343 3174.407906380493 3217.1134821514297 3165.565247322057
100000748 0.25161484256386757 136.06764164331068 72.41054837138455 143.2677940273359 86.3068424729287 137.3122394123884 89.39262206608235 130.11208702836322 75.49632796453821
100000748 0.10621772520244122 340.5312873660764 57.188122761283665 212.51215623776193 64.86927062243713 213.4722997204061 80.87166201347642 341.49143084872065 73.19051415232298
100000748 0.08657146152108908 112.00000000040927 57.9999999988745 157.00000000040927 58.00000000117666 156.99999999959073 74.00000000117666 111.99999999959073 73.9999999988745
100000748 0.06729712383821607 488.8980933914149 64.21259314169848 489.08361871302986 80.21044162457433 353.0903112759841 81.78754132812176 352.9047859543691 65.78969284524591
100000764 0.03928260412067175 48.557529560098466 186.29307964704338 45.25040513773688 194.16403577209883 58.44247043990152 199.7069203529566 61.749594862263116 191.83596422790114
100000772 0.39177829027175903 245.69825436450134 151.96508728385595 165.69825436429736 155.96508727977547 166.29925186991767 167.9850374044741 246.29925187012165 163.98503740855458
100000772 0.0993222501128912 68.77666897330765 157.76144516880865 67.16278180427176 172.80287358414833 71.22333102669234 173.23855483119132 72.83721819572823 158.19712641585164
100000775 0.06464273994788527 61.40627430415163 102.51648691420768 56.56655203761096 117.56802316290924 178.5000234254396 156.77492714675878 183.33974569198028 141.72339089805723
100000834 0.03991281636990607 91.5956489190509 64.63182287136704 90.38441820345622 79.61474682321865 223.40435108094908 90.36817712863295 224.61558179654375 75.38525317678133
100000834 0.03413698892109096 414.10268973156604 88.73102689593951 467.0973902614588 89.26097390394986 466.897410258436 109.2589741039094 413.90270972854324 108.72902709589904
100000858 0.04775453335605562 461.3578058989711 148.3643968264505 454.65437571220286 313.3358137225589 486.64219410102896 314.63560317354944 493.3456242877972 149.664186277441
0.5-Norfolk09-11-15 0.01782731036655605 427.8152042882136 2774.123751564416 428.19117569261914 2788.1136475223734 288.18479571178636 2791.876248435584 287.80882430738086 2777.8863524776266
0.5-Norfolk09-11-15 0.014374054037034512 319.873801917204 3014.845047926067 211.88658146968282 3019.1645367384453 212.12619808279598 3025.154952073933 320.1134185303172 3020.8354632615547
100001156 0.6055779904127121 571.7837837840572 374.2972972973574 543.9300476945174 438.36089030190675 555.850556438513 443.54372019071315 583.7042925280527 379.48012718616377
100001156 0.4416106045246124 602.0651685136152 305.57948321788615 577.5797022908564 373.40422465371 585.615445813768 376.3052150952465 610.1009120365268 308.4804736594226
100001174 0.7375097572803497 51.14889764664057 20.87282990748972 14.776547022757136 81.25093194130633 27.85110235335943 89.12717009251027 64.22345297724286 28.749068058693666
100001246 0.09912214428186417 267.7536474536969 214.6020090894783 207.8517101166373 263.72159770282775 218.64840947045423 276.88830423268746 278.5503468075138 227.76871561933805
100001251 0.023775529116392136 60.89598463499153 32.10755656886478 54.63885721155681 46.99951983632693 159.5968429263687 91.09951383507244 165.85397034980343 76.2075505676103
100001268 0.6059892997145653 213.09079684760889 89.6991167268921 141.2131256529361 106.23098109799811 144.90920315239114 122.30088327310793 216.7868743470639 105.76901890200192
100001268 0.5535505563020706 215.29187333154582 106.23578786886144 143.2582983593967 122.0831743590572 146.75429225408803 137.97405570225044 218.7878672262372 122.12666921205468
100001299 0.4812025800347328 414.8452163902606 152.93551482547915 409.1355915940513 163.09864696244477 473.1547836097395 199.06448517452088 478.86440840594884 188.90135303755525
100001339 0.7348956614732742 180.8490471418254 337.30341023029234 172.7748244736334 349.25325977880954 231.83751253719703 389.1604814447386 239.91173520538902 377.2106318962214
100001339 0.5767039433121681 40.95230253391748 253.05587190702397 32.98420666264436 269.0717446078835 97.04769746608251 300.94412809297603 105.01579333735563 284.92825539211645
0.5_zuoshibao_20090221 0.7863105833530426 1807.2093541211732 714.0267260593334 1739.4587973271907 737.7394209337734 1744.7906458788266 752.9732739406666 1812.541202672809 729.2605790662267
0.5_zuoshibao_20090221 0.11929294839501381 1245.901283712829 877.4469101405059 1229.9096427534664 878.5663250068437 1238.098716287171 995.5530898594941 1254.0903572465336 994.4336749931563
0.5_zuoshibao_20090221 0.09315389394760132 1776.1986901594094 787.2023798540874 1763.1371644697292 790.9902223034285 1782.8013098405906 858.7976201459126 1795.8628355302708 855.0097776965715
0.5_zuoshibao_20090221 0.07024382799863815 1230.2917981105534 737.7649842272594 1210.3391167224004 740.1593059928183 1225.7082018894466 868.2350157727406 1245.6608832775996 865.8406940071816
0.5-Norfolk11-5-1 0.025760054821148515 422.70806274411655 3819.268758120628 307.72155060484243 3822.718353478925 308.3210110893853 3842.7003696644197 423.3075232286594 3839.2507743061224
100001357 0.8124153465032578 421.6621621627084 233.47297297320006 382.1351351347326 288.81081081037235 394.3378378372916 297.5270270268 433.8648648652674 242.18918918962765
100001357 0.8113758862018585 375.7977749544015 298.9217603279566 340.1659189332819 359.1395970018567 350.9428956713489 365.51650631451224 386.57475169246857 305.29866964061205
100001357 0.7823817282915115 342.0000000005272 283.0000000002171 301.99999999959687 342.9999999995969 313.9999999994728 350.9999999997829 354.00000000040313 291.0000000004031
100001412 0.03737953631207347 144.12584562542656 240.3063200043473 119.94589141118178 381.2754530722296 139.87415437457344 384.69367999565264 164.05410858881822 243.72454692777035
100001422 0.11696798540651798 472.43855110022446 24.979301425920728 356.44691014050585 33.09871628717116 357.56632500684367 49.09035724653362 473.55796596656234 40.970942385283195
100001422 0.08172444393858314 258.1688324578312 46.76480508176838 142.20811427455993 57.20126971233569 143.7418906847641 74.24322983539348 259.7026088680353 63.80676520482618
100001488 0.06415964290499687 68.22809475187931 98.58199824415459 63.764733317703175 213.60282240270425 84.77190524812069 214.41800175584544 89.23526668229682 99.39717759729578
100001566 0.6307494342327118 325.94387906523957 116.1261733032296 310.02647959865743 117.87708724374023 317.9474360222516 189.88578203714079 333.8648354888338 188.13486809663016
100001566 0.5007923468947411 311.5877201729379 121.53885958823115 299.6462334577568 122.37476365768335 304.4074037199938 190.3914817393145 316.3488904351749 189.5555776698623
100001603 0.03471009433269501 264.59105431373456 427.7763578302934 153.60862619846952 432.21565494922856 154.40894568626544 452.2236421697066 265.3913738015305 447.78434505077144
100001625 0.02056526020169258 212.9154746442349 208.24057217127205 192.75942782980377 217.9154746411728 231.0845253557651 297.75942782872795 251.2405721701962 288.0845253588272
100001635 0.1474784780293703 197.22028321373358 2.1714777453196956 196.7615028357006 10.145080715513362 260.7797167862664 13.828522254680305 261.23849716429936 5.85491928448664
100001650 0.31490427628159523 373.0000000001291 81.00000000000993 356.9999999998909 128.9999999999305 368.999999999871 132.99999999999005 385.0000000001092 85.00000000006948
meibote05-03-31 0.0251509181689471 811.5667900203225 193.04070669683782 808.385460188611 209.20186224177806 888.4332099796775 224.95929330316224 891.614539811389 208.79813775822203
meibote10-12-31 0.09501295536756516 294.89301692798034 316.3843960126722 277.1501530571171 383.45242144366165 289.10698307201966 386.61560398732786 306.84984694288283 319.5475785563384
0.5-Kitsap-Bremerton20090911 0.03672171989455819 670.4203579642036 654.964203579642 669.5804419558044 738.955804419558 677.5796420357964 739.0357964203581 678.4195580441956 655.044195580442
0.5-DanDiego00-2-29 0.08049790188670158 3188.158415842284 4305.58415841854 3080.1386138615494 4316.386138611092 3081.841584157716 4333.415841581461 3189.8613861384506 4322.613861388908
0.5-DanDiego00-2-29 0.04884212929755449 2780.6644711359036 3162.5803951973585 2709.6261139094 3175.3672994945014 2712.3355288640964 3190.4196048026415 2783.3738860906 3177.6327005054986
0.5-DanDiego00-2-29 0.04838990420103073 3050.5799582052036 3118.999402927097 2994.5743855112078 3122.9197930128134 2995.4151656877284 3134.9309384004487 3051.420738381724 3131.010548314732
0.5-DanDiego00-2-29 0.029219941003248096 2841.5062344145645 3960.1246882811893 2766.4937655864555 3963.8753117187593 2767.4937655854355 3983.8753117188103 2842.5062344135445 3980.12468828124
0.5-DanDiego00-2-29 0.02291442919522524 3049.5200517468857 3131.1435963790736 2997.5646332970714 3134.7804756679047 2998.4054134735916 3146.79162105554 3050.3608319234063 3143.1547417667093
0.5_hengxuhe_20051116 0.08050846494734287 2535.909228444301 1690.6217851738734 2517.0363086255998 1695.1512859293985 2541.036308620774 1795.1512859305567 2559.909228439475 1790.6217851750316
0.5_hengxuhe_20051116 0.02963770506903529 856.0244498784505 740.4963325207877 755.0464547676619 755.6430317822478 756.9755501215495 768.5036674792123 857.9535452323381 753.3569682177522
0.5-Norfolk-s-20100407 0.04153316980227828 978.4556281128384 1860.1675453249659 977.5286871722166 1880.170930823547 1057.5422291665404 1883.878694586034 1058.4691701071624 1863.8753090874532
0.5-DanDiego16-3-23 0.6238004714250565 2961.1229127562597 3022.0264795986573 2889.114217962859 3029.9474360222516 2890.8770872437403 3045.9735204013427 2962.885782037141 3038.0525639777484
0.5-DanDiego16-3-23 0.041411062236875296 2864.2322190265018 3161.46910028962 2784.250074397618 3168.667493302132 2785.6865390332555 3184.6282114849464 2865.6686836621393 3177.4298184724353
0.5-DanDiego14-5-12 0.693136915564537 3009.0583596220404 2902.152996846993 2945.020504732079 2909.8375394305162 2946.9416403779596 2925.847003153007 3010.9794952679213 2918.1624605694838
0.5-DanDiego14-5-12 0.579293817281723 2932.006686990438 2910.359130692674 2876.0424820534868 2917.634477331618 2877.993313009562 2932.640869307326 2933.9575179465132 2925.365522668382
0.5-DanDiego14-5-12 0.4140227548778057 3088.4137631509993 2890.6513850030165 3021.5476305376565 2903.355950196137 3024.5862368490007 2919.3486149969835 3091.4523694623435 2906.644049803863
0.5-DanDiego14-5-12 0.01592048443853855 3301.1735015793747 3597.7791798109947 3280.1167192448866 3600.3059936900577 3289.708201890706 3680.2350157725896 3310.764984225194 3677.7082018935266
0.5-DanDiego18-11-18 0.6106648296117783 3089.03481168316 3149.5754744829283 3021.0143573607647 3158.418133541364 3023.0930278290343 3174.407906380493 3091.1134821514297 3165.565247322057
0.5-DanDiego18-11-18 0.2557169832289219 1999.6000000009553 1414.8000000007864 1940.7199999995153 1458.959999998877 1951.039999999076 1472.7199999992226 2009.9200000005162 1428.5600000011323
0.5-DanDiego10-5-24 0.8334589898586273 2625.5486337353555 2106.730470049348 2568.770493982637 2147.0429492708936 2577.4513662646445 2159.269529950652 2634.229506017363 2118.9570507291064
0.5-DanDiego10-5-24 0.8220576345920563 2648.926174497582 2134.751677853162 2591.879194630451 2174.684563757256 2602.073825502418 2189.248322146838 2659.120805369549 2149.315436242744
0.5-DanDiego10-5-24 0.7971567213535309 2689.4023742158242 2064.6304092769424 2629.0324384010496 2105.078266269774 2637.060045550882 2117.059769479388 2697.4299813656567 2076.6119124865563
0.5-DanDiego10-5-24 0.781004324555397 2712.883784323715 2091.2025131315786 2656.770493982637 2131.0429492708936 2665.116215676285 2142.7974868684214 2721.229506017363 2102.9570507291064
0.5-DanDiego10-5-24 0.6919887512922287 2785.334515813469 2043.5693259879677 2721.5410219634664 2079.931617479224 2729.0957053352777 2093.185447957269 2792.88919918528 2056.8231564660127
0.5-DanDiego10-5-24 0.02258484554477036 2316.8529411778277 1457.911764707128 2226.5638945224878 1526.5314401606024 2239.1470588221723 1543.088235292872 2329.4361054775122 1474.4685598393976
0.5-DanDiego19961010 0.14269581250846386 3816.2911417525074 4142.123797245612 3686.353635552098 4153.818172797007 3687.7088582474926 4168.876202754388 3817.646364447902 4157.181827202993
0.5_Everitt_20171110 0.0456302841193974 1141.3067217894313 891.2390427091391 1128.6523915315847 1019.1743216153855 1145.6835894240794 1020.8589109222669 1158.337919681926 892.9236320160205
0.5-PearlHarbor-n20171218 0.18109659012407064 1007.2211209108291 1146.8051162467445 915.2744697900242 1202.8925734257602 923.2234530997946 1215.9236936067978 1015.1701042205993 1159.836236427782
0.5_zuoshibao_20140324 0.12724257074296474 1735.9362017822077 720.0578635013358 1721.9154302686723 723.9836795244104 1742.0637982177923 795.9421364986642 1756.0845697313277 792.0163204755897
100000622 0.07973150815814734 158.32940835933036 15.2074124151652 24.41376315006302 40.65138499808801 27.85397162325096 58.75774538815372 161.7696168325183 33.31377280523091
100001555 0.11522119306027889 429.6248012723365 9.31001590120987 313.64705882352047 18.588235291186585 314.4483306831063 28.604133542409564 430.4260731319223 19.325914152432848
0.5-Charlestone20170823 0.045403363183140755 721.1547318525277 701.3477618368664 707.1839172471698 712.3847053743901 750.8452681474722 767.6522381631337 764.8160827528301 756.6152946256101
0.5_hengxuhe_20171209 0.05209669889882207 2556.378631740878 1677.1811714642497 2546.425836048861 1684.2476564050762 2581.286217670762 1733.3467854535195 2591.2390133627787 1726.280300512693
0.5_hengxuhe_20171209 0.03164527378976345 864.4523227393173 511.68215159193505 753.5476772616819 528.3178484079151 756.5476772606827 548.317848408065 867.4523227383181 531.682151592085
0.5-Norfolk07-1-14 0.10907622845843434 660.7119890983705 2259.017542149503 661.2885432077896 2279.000907582006 523.2880109016294 2282.982457850497 522.7114567922104 2262.9990924179933
0.5-Norfolk07-1-14 0.05328519525937736 648.6928740504184 2447.232784735061 649.3245475496498 2463.207807530663 559.3071259495816 2466.767215264939 558.6754524503502 2450.7921924693374
0.5-Norfolk07-1-14 0.01587802148424089 422.79052369109843 2692.8104738176844 335.80798004996103 2697.1596009952937 336.20947630890157 2705.1895261823156 423.19201995003897 2700.8403990047063
0.5-Charlestone19940214 0.10990094696171582 1253.9495681256121 1155.8932850385672 1195.3817219275084 1194.5480635263393 1199.353859012834 1200.566453050023 1257.9217052109377 1161.911674562251
0.5-Charlestone19940214 0.04572834447026253 2358.8887604748893 1517.3689685073423 2287.897717422131 1561.3834151964431 2295.9410574967787 1574.356544350164 2366.9321005495367 1530.3420976610632
0.5_hengxuhe_20091027 0.035689613316208124 3243.892597968983 1363.9912917266633 3230.917271408425 1375.0203193024793 3275.0333817116893 1426.9216255447107 3288.008708272247 1415.8925979688947
0.5_hengxuhe_20140310 0.03425202704966068 413.3297176590192 417.3321534414747 412.68859624123166 428.3530306132148 469.67028234098086 431.6678465585254 470.31140375876834 420.6469693867853
meibote14-1-20 0.11053639184683561 80.31106903090681 629.3441211911032 76.16233430886007 641.2924771903917 138.89120330512438 663.073334481137 143.03993802717113 651.1249784818485
meibote14-1-20 0.04622293123975396 531.4308352605061 805.5018157804436 520.4536150556039 810.5513370741397 548.1234730920261 870.7032023773688 559.1006932969284 865.6536810836726
meibote17-03-16 0.04131858982145786 421.82690951726926 258.16642656268124 418.2729110269923 279.24163760985266 558.1730904827308 302.83357343731876 561.7270889730078 281.75836239014734
meibote18-12-18 0.07874291390180588 327.4177626760092 187.63424558478803 324.7296846423235 199.70371595590555 381.58223732399085 212.365754415212 384.27031535767657 200.29628404409453
meibote18-12-18 0.06974706705659628 835.9304084749675 1169.3767019665654 814.9394856305473 1174.4145234481548 843.0151285901073 1291.396369137865 864.0060514345276 1286.3585476562753
meibote18-12-18 0.05823621526360512 802.3796685978215 326.5707443342187 799.5807110531985 339.6138864920253 868.6203314021784 354.42925566578117 871.4192889468014 341.3861135079746
meibote18-12-18 0.047908139415085316 520.293666029138 911.9884836843453 506.16698656627136 919.7581573882031 565.706333970862 1028.0115163156547 579.8330134337286 1020.241842611797
meibote18-12-18 0.025647931499406695 656.9481765857058 1180.1785028782153 642.8214971228392 1187.9481765820733 700.6295585390751 1293.053742803134 714.7562380019417 1285.284069099276
0.5_Everitt_20031208 0.07895821798592806 678.2056382076785 837.8336820806117 651.3781645930931 886.9279587939556 663.5644185882833 893.5871139827668 690.3918922028686 844.492837269423
0.5-DanDiego14-1-18 0.6358081102371216 3062.1468234370004 3038.243849423675 2994.198992194627 3045.718110856864 2995.8531765629996 3060.756150576325 3063.801007805373 3053.281889143136
0.5-DanDiego14-1-18 0.35190416872501373 3212.3761486023886 3019.328623655443 3145.4163620196446 3026.694200176123 3146.7325363101204 3038.6594210041867 3213.692322892864 3031.2938444835067
0.5-DanDiego14-1-18 0.2764074206352234 3137.016911265031 3027.217125086682 3068.9442122655473 3038.7894839131177 3070.9830887349685 3050.782874913318 3139.0557877344527 3039.2105160868823
0.5-DanDiego14-1-18 0.199877570848912 2142.886238755019 1268.4521466106617 2054.5340861050527 1340.0173902526512 2067.113761244981 1355.5478533893383 2155.4659138949473 1283.982609747349
0.5-DanDiego14-1-18 0.18561998382210732 3136.1348680966303 3014.1351645111663 3067.198992194627 3021.718110856864 3068.8531765629996 3036.756150576325 3137.7890524650024 3029.1732042306276
100000699 0.05189857538789511 74.59484194614045 126.66700492063374 57.5564150183937 202.65838901755143 77.45302418187373 207.1195121484254 94.49145110962047 131.12812805150773
0.5-Kitsap-Bremerton20110820 0.035576427821069956 470.00000000189294 707.9999999995907 486.00000000189294 708.0000000004093 485.99999999810717 782.0000000004093 469.99999999810717 781.9999999995907
0.5-Kitsap-Bremerton20110820 0.02635051100514829 1269.0 680.9999999996419 1282.0000000000512 681.000000000307 1282.0 682.000000000307 1268.9999999999488 681.9999999996419
0.5-Kitsap-Bremerton20060731 0.06008570967242122 2308.092337231653 228.6870308954856 2309.7610403211747 234.7777971723278 2285.907662768347 241.31296910451445 2284.2389596788253 235.22220282767225
0.5-Kitsap-Bremerton20060731 0.03180563100613654 123.11538461800457 1052.4230769229405 149.0769230792776 1057.615384616526 128.88461538199545 1158.5769230770595 102.9230769207224 1153.384615383474
