0.5-DanDiego12-10-28 0.9425066113471985 2637.0991584613153 1970.3276143293392 2396.5420444884867 2145.9343075172874 2421.9008415386847 2180.672385670661 2662.4579555115133 2005.0656924827126
0.5_Everitt_20150718 0.2394407510291785 494.6750780692587 1468.6397164378432 195.51903113995317 1597.2768166022056 212.32492193074134 1636.3602835621568 511.48096886004686 1507.7231833977944
0.5-Kitsap-Bremerton20140711 0.5935858264565468 1954.3306677371982 457.53338664644946 1907.3294682169612 458.47341063445015 1910.6693322628018 625.4666133535507 1957.6705317830388 624.5265893655499
0.5-Kitsap-Bremerton20140711 0.5785564929246902 1883.5376997846029 448.7846014623004 1886.457999785397 740.7853985420005 1842.462400225397 741.2253985375996 1839.542100224603 449.22460145789944
0.5-Kitsap-Bremerton20140711 0.06315174279734492 593.0000000059856 964.9999999999488 594.0000000059856 965.0 593.9999999940144 1199.0000000000514 592.9999999940144 1199.0000000000002
0.5-Kitsap-Bremerton20140711 0.05965333431959152 585.00000000353 1010.9999999994882 605.00000000353 1011.0000000005114 604.9999999965212 1148.0000000005114 584.9999999965212 1147.9999999994882
0.5-Charlestone20031113 0.7835949957370758 484.7247706451422 171.08256881358415 205.64220183389773 254.8073394427227 218.55045871261694 297.8348623791021 497.63302752386136 214.11009174996357
0.5-0.592-dgjxy-20161009 0.710059642791748 1837.9690721655618 871.3195876278344 1824.154639175614 902.4020618545261 2088.402061855062 1019.8453608257801 2102.21649484501 988.7628865990882
0.5-0.592-dgjxy-20161009 0.6072170659899712 3278.8713405082585 2563.0247535247663 3269.0985557023405 2599.0863294581227 3549.1286594917415 2674.9752464752337 3558.9014442976595 2638.9136705418773
0.5-0.592-dgjxy-20161009 0.12612304231151938 2850.7925206284135 1512.7688315139533 2839.107665690805 1551.5625499062367 3120.2074793715865 1636.2311684860467 3131.892334309195 1597.4374500937633
100000915 0.27362916991114616 364.2573404555671 12.697275899258843 359.75284541592487 276.7057301725971 395.74236851953316 277.3197810701167 400.2468635591754 13.311326796778399
100000915 0.27088478207588196 104.53336626140606 92.53409885999976 97.49151820180874 356.5329826140782 132.4932885536203 357.4666121246635 139.53513661321762 93.46772837058502
100000915 0.13197067379951477 547.9838146810081 112.45848556299943 540.0486794346236 376.460435209937 576.0462152975216 377.54241705132364 583.981350543906 113.5404674043861
100001177 0.7810360193252563 37.987571813191074 53.306901168622225 13.960691452875915 337.30462702646355 54.01242818680893 340.69309883137777 78.0393085471241 56.69537297353643
100001196 0.8714020848274231 303.0329832543348 7.187136531830294 263.2360906227772 22.707924656109718 369.3055290275526 294.68084367825077 409.1024216591102 279.16005555397135
100001212 0.8108994513750076 428.7437585226262 147.70210165047916 329.1833654607094 420.4975786351774 364.25624147737375 433.2978983495209 463.81663453929053 160.50242136482268
100001268 0.906984493136406 401.42960702277986 229.2254864623611 113.50515070529518 292.56886683751014 122.31438382047438 332.610835552161 410.2388401379591 269.2674551770119
100001339 0.9359734654426575 50.77350415373599 180.87012839610216 29.215158301367943 215.14789830028198 277.226495846264 371.1298716038978 298.7848416986321 336.852101699718
0.5-Charlestone20070227 0.9595484137535095 1811.3687579285754 1277.1713060836069 1583.701346534711 1461.581909301084 1610.5383129004572 1494.7139665448215 1838.2057242943215 1310.3033633273442
0.5-Kitsap-Bremerton20090911 0.8341855704784393 1820.0300238746895 240.6992488208237 1823.9754265416618 529.699994176906 1779.9699761253105 530.3007511791762 1776.0245734583382 241.30000582309395
0.5-Kitsap-Bremerton20090911 0.21570704877376556 571.7950868251413 713.4326666867878 544.1219729601391 931.2200728030505 586.2049131748587 936.5673333132121 613.8780270398609 718.7799271969494
0.5-DanDiego00-2-29 0.44892648607492447 1613.7506173612521 950.5765677885275 1454.0268284486697 1191.759489038479 1488.9445138847323 1214.8837840300207 1648.6683027973145 973.700862780069
0.5-DanDiego00-2-29 0.03663780051283538 2813.233832566107 2551.4833321862084 2595.723997513693 2697.214921660273 2631.0759886775627 2749.979087580498 2848.5858237299767 2604.2474981064333
0.5-Charlestone20141118 0.04356883722357452 463.79657785724737 544.8411233766158 462.16654940272383 575.8605648661309 696.2034221427526 588.1588766233845 697.8334505972762 557.1394351338694
0.5-DanDiego02-11-6 0.2168197324499488 1740.393316196892 1083.2313624684712 1613.3496143946145 1299.2056555259542 1647.349614394356 1319.205655526394 1774.3933161966338 1103.2313624689107
0.5-DanDiego08-03-31 0.8604466915130615 2019.2501163520888 1136.0424173960234 1782.3775679786083 1304.2219267291625 1807.2778405656804 1339.2927331923363 2044.1503889391608 1171.1132238591972
0.5-DanDiego14-5-12 0.8959778696298599 2637.0218818415224 1842.3851203538634 2396.6498905885974 2005.8380743936386 2420.9781181584776 2041.6148796461366 2661.3501094114026 1878.1619256063614
0.5-DanDiego14-5-12 0.05837647709995508 2017.1632272792426 1143.8406377287597 1786.5192904941782 1298.3720753630323 1811.8367727207574 1336.1593622712403 2042.4807095058218 1181.6279246369677
0.5-Norfolk11-5-1 0.020260682329535484 203.6400826051635 2088.846789263354 123.56337889732428 2099.256760741282 128.23207788264196 2135.1698298732244 208.3087815904812 2124.7598583952968
0.5-DanDiego15-4-15 0.8371810913085938 2766.0189689080435 2097.1869114595474 2526.2994377052632 2262.593387977287 2551.9810310919565 2299.8130885404526 2791.7005622947368 2134.406612022713
0.5_Everitt_20031208 0.6198415905237198 624.3472775364141 891.4803386778601 457.56905725868955 1126.6376292610398 492.6527224635859 1151.51966132214 659.4309427413104 916.3623707389603
0.5-Charlestone20180309 0.6632110439240932 459.52293578260145 123.743119272234 184.38532109986136 206.28440366302246 195.20183485963952 242.33944953507967 470.3394495423796 159.7981651442912
0.5-DanDiego16-3-23 0.9146668016910553 2506.189640554006 1970.451562401527 2270.9753408549354 2142.1580011699034 2296.334137905134 2176.8960793232764 2531.5484376042045 2005.1896405549005
0.5-DanDiego14-1-18 0.10429223161190748 2980.778164638622 2464.613031587041 2777.9430489907472 2622.8244217820875 2799.8435712480036 2650.9020144214223 3002.6786868958784 2492.6906242263763
0.5-Kitsap-Bremerton20170523 0.7671007961034775 1823.527599774703 229.77470147240052 1826.4778997751969 524.7751985221006 1782.4723002152969 525.2152985276997 1779.522000214803 230.2148014779996
0.5-Kitsap-Bremerton20170523 0.16210558963939548 576.5668364754745 707.9019862143593 571.4375607333923 939.8991280285959 580.4331635245255 940.0980137856408 585.5624392666077 708.1008719714042
0.5-Kitsap-Bremerton20170523 0.013791890349239111 269.8112696915407 891.3951203755078 262.22850030970443 1119.408995687053 298.22194930672146 1120.6059843467492 305.8047186885577 892.5921090352037
0.5-Kitsap-Bremerton20110820 0.7788965553045273 1843.4622537746225 242.7746225377462 1840.5422457754225 534.7754224577542 1884.5378462153785 535.2153784621538 1887.4578542145784 243.21457854214577
0.5-Kitsap-Bremerton20110820 0.7435215264558792 1823.517499764803 237.76480148250045 1826.477799765197 533.7651985222004 1778.4826002451969 534.2451985173994 1775.522300244803 238.24480147769944
