0.5-Norfolk06-4-30 0.015620512887835503 637.0403462529423 2300.812106871195 640.9102318336959 2328.830078476063 535.978374168791 2343.3234289821557 532.1084885880375 2315.3054573772874
0.5-DanDiego12-10-28 0.9408179223537445 2587.025289780173 1797.7017913607656 2487.4994731286492 1869.3603793448076 2499.3161222324406 1885.7723919901196 2598.841938883964 1814.1138040060775
0.5-DanDiego12-10-28 0.05514426366426051 2563.907966603453 1757.4908657180777 2456.613095610814 1840.1079163769627 2473.092033396547 1861.5091342819223 2580.3869043891855 1778.8920836230373
0.5-DanDiego05-11-16 0.3460995443165302 2709.6554665305202 1824.0749547702922 2595.8276040309793 1908.307573014172 2609.8663737382926 1927.278883430762 2723.6942362378336 1843.0462651868822
0.5-Kitsap-Bremerton20140711 0.04665431031025946 468.16273490646074 1199.8632546977794 482.15713714553647 1200.1431427432772 481.8372650935392 1216.1367453022208 467.8428628544635 1215.8568572567233
0.5-Kitsap-Bremerton20140711 0.019650332629680634 498.94912559751884 933.3640699526047 482.9713831491091 934.6422893476608 487.05087440248116 985.635930047395 503.0286168508909 984.3577106523389
0.5-Kitsap-Bremerton20170523 0.04216582514345646 264.5416474500127 1012.5229222399321 246.6004981092916 1017.725855547826 251.2684254215082 1033.8221566272662 269.2095747622293 1028.6192233193722
0.5-Kitsap-Bremerton20170523 0.02881709299981594 470.1462882096366 736.6528384279179 467.68575747395835 743.8375881759763 481.748740342594 748.6536781995636 484.20927107827225 741.4689284515051
0.5-Kitsap-Bremerton20170523 0.026252388022840023 1288.3753993644038 747.3849840262101 1257.384984028865 748.6246006380468 1262.6645367377814 880.6134185297046 1293.6549520733204 879.3738019178679
100000748 0.10684638982638717 106.07279272072792 58.72072792720728 105.93280671932807 72.71932806719327 161.92720727927207 73.27927207279272 162.06719328067192 59.28067193280671
100000748 0.07588348723948002 205.90708362500317 78.90278749482522 65.91307822963398 83.10260764952648 66.09291637499683 89.09721250517478 206.08692177036602 84.89739235047352
100000748 0.04797009285539389 208.16132371320586 59.17621395327275 207.82916861548355 71.16701298103666 339.8386762867941 74.82378604672725 340.1708313845164 62.83298701896333
100000764 0.03674976574257016 61.92328554832874 189.57380860170542 45.90236342498379 192.45757458308938 46.07671445167126 193.42619139829455 62.09763657501621 190.54242541691062
100000772 0.02785875042900443 71.2447960036467 152.00499583681557 59.00499583681558 163.7552039963533 70.7552039963533 175.99500416318443 82.99500416318442 164.2447960036467
100000772 0.024792865850031376 244.62096452814018 151.68274213028621 166.66161817473863 156.36030290750435 167.37903547185985 168.31725786971376 245.33838182526142 163.63969709249562
100000834 0.12919178418815136 230.6912379276911 91.10606286579895 229.29323889560132 107.07121181220077 364.30876207230887 118.89393713420107 365.70676110439865 102.92878818779921
100000834 0.03857618663460016 93.82948471248763 62.0590966423251 92.16537172790875 84.00874690884663 223.1705152875124 93.9409033576749 224.83462827209127 71.99125309115335
100000858 0.4249461591243744 465.91344534886355 152.46129472054625 458.09225498684384 313.4213923705938 481.08655465113634 314.5387052794537 488.90774501315605 153.5786076294062
0.5-Norfolk09-11-15 0.02845401130616665 158.85148514937356 2632.514851487866 50.83168316863898 2643.3168316804185 53.23762376147793 2667.3762376211043 161.25742574221255 2656.574257428552
0.5-Norfolk09-11-15 0.02789802895858884 431.8998900992009 2825.663003301008 276.8893995404838 2830.3133180098416 277.1291837343009 2838.306124484039 432.13967429301806 2833.655809775206
0.5-Norfolk09-11-15 0.01999253546819091 265.3658146971137 2674.85463258386 422.3546325881523 2681.1341853075364 421.67412140517376 2698.1469648602333 264.68530351413506 2691.8674121365575
0.5-Norfolk09-11-15 0.015165182761847973 437.29000574720504 2107.368214827227 458.22935060864955 2161.3917245708526 316.5793845667854 2216.2948121828613 295.6400397053409 2162.2713024392356
0.5-Norfolk11-5-1 0.029161051381379366 127.26375465050799 2157.6767583315072 124.70376567389991 2180.614259561796 202.73624534949204 2189.3232416684923 205.2962343261001 2166.3857404382034
100001177 0.068688849452883 89.02650935959099 181.2970271531813 74.91474190793343 321.28576027297385 88.87369827291514 322.6929131323535 102.98546572457266 182.70418001256098
100001212 0.030826070345938206 175.76948810828478 18.24082306044895 116.34278905596969 183.4470464229292 142.23051189171522 192.75917693955105 201.6572109440303 27.552953577070777
100001224 0.14829810662195086 409.5343271909657 39.24519419390515 383.48489604133033 42.89211455352331 404.48489603381455 192.89211455457558 430.53432718344993 189.24519419495743
100001251 0.8908192664384842 399.8591808563662 197.66359871155728 355.63460653437744 305.57156005500264 372.6461113663571 312.54348826497295 416.87068568834593 204.63552692152763
100001268 0.05590721080079675 267.9771079751459 320.8050362485296 149.0148798166713 346.9767264373213 153.232735595966 366.1487981658366 272.19496375444055 339.9771079770448
100001339 0.9053638577461243 153.4436544619725 45.756843227208485 144.29656266270376 60.66660285955618 249.11061281358255 124.96970111361436 258.2577046128513 110.05994148126665
100001339 0.030078213661909103 179.42324371241708 335.7458803118587 170.31656548151176 350.68083261008513 233.57675628758295 389.2541196881414 242.68343451848827 374.3191673899149
0.5_zuoshibao_20090221 0.02325488510541618 1782.8676165595157 370.08368653596494 1758.8438091824748 378.01154296916343 1792.8347912320264 481.014518892811 1816.8585986090673 473.08666245961246
0.5_zuoshibao_20090221 0.023198937065899372 1248.8639023935834 875.9322487851839 1224.8781866906588 878.0909631972211 1235.2253744638213 993.0597162976543 1259.211090166746 990.901001885617
100001357 0.5801848769187927 246.2211634914227 6.392678034520042 173.70361083174808 113.71865596718341 192.7788365085773 126.60732196547995 265.29638916825195 19.28134403281655
100001412 0.17472638934850693 142.34894886962476 242.65572411861385 115.57906921535312 375.7020259990425 138.65105113037527 380.3442758813861 165.42093078464688 247.29797400095745
100001412 0.09495554259046912 225.67880364279603 164.91417425464914 99.86605981713399 225.30429128456134 110.50845253402478 247.47594278043553 236.3211963596868 187.08582575052336
100001412 0.04162639379501343 354.0770208482607 99.14875951206857 325.82889024598296 235.30474901367228 342.9229791517393 238.85124048793142 371.17110975401704 102.69525098632771
100001412 0.03711409540846944 393.37677111772024 192.27999590896005 390.6794798165357 211.32287249519484 527.6232288822797 230.7200040910399 530.3205201834643 211.67712750480516
100001422 0.0684430084656924 259.80440097884144 44.02933985622873 139.8044009779422 62.02933985023373 142.21760391111943 78.11735941022717 262.21760391201866 60.11735941622217
100001422 0.03924444271251559 475.1500839845258 21.27349076482711 352.09900207496355 34.8091097685907 353.8618713558446 50.83519414768166 476.91295326540677 37.29957514391807
100001422 0.01955817244015634 318.00547318505875 274.6496168773018 306.9894516903551 275.4207383813679 316.99940292200944 418.4200417951525 328.0154244167131 417.6489202910864
100001422 0.01685288967564702 512.1694402453351 29.03933434153651 494.9606656612141 33.16944024084728 526.8305597546648 165.96066565846348 544.0393343387858 161.83055975915272
100001488 0.026138087967410684 71.66436916201116 92.14508875109635 60.312012667299896 216.11282167282596 79.33563083798884 217.85491124890362 90.6879873327001 93.88717832717403
100001603 0.049298474099487066 265.6125946597319 428.5432443233617 149.61020326838684 435.50338780091147 150.32762056550808 447.4603427631208 266.33001195685307 440.50019928557117
100001635 0.03560900944285095 339.00382039791157 21.066418702823825 319.09367002234774 196.0766405031011 354.09571438240323 200.05867057821385 374.00586475796706 25.048448777936603
0.5-Kitsap-Bremerton20090911 0.02626692457124591 346.16979286273056 938.8505967479966 341.83976527507286 1078.8403886568221 351.8302071372695 1079.1494032520036 356.16023472492725 939.1596113431777
0.5-Kitsap-Bremerton20090911 0.018689795630052686 336.01678128962425 938.6493645501416 323.9573824140705 1075.6441357758854 331.98321871037575 1076.3506354498586 344.0426175859295 939.3558642241151
0.5-DanDiego02-11-6 0.02002694783732295 754.528930898521 614.5677608892448 710.6408225822499 678.6443990287879 723.0048537482992 687.1129135263743 766.89296206457 623.0362753868312
0.5_hengxuhe_20051116 0.022247322369366884 872.720748830899 736.0046801905662 736.6833073321667 757.7706708234149 739.2542901706767 773.8393135692314 875.2917316694088 752.0733229363827
0.5-DanDiego14-5-12 0.9332137554883957 2189.381274982894 1328.8569202644644 2084.59162658259 1401.1617776553503 2095.618725017106 1417.1430797355356 2200.40837341741 1344.8382223446497
0.5-DanDiego14-5-12 0.08112356159836054 3281.503667482509 3752.024449879999 3189.474327628529 3765.828850853395 3192.327628361074 3784.850855743506 3284.356968215054 3771.04645477011
0.5-DanDiego14-5-12 0.03216701000928879 2631.620370987885 1693.16953659909 2612.8516720977227 1706.495312810152 2683.3796290121145 1805.8304634009096 2702.1483279022773 1792.5046871898476
0.5-DanDiego14-5-12 0.021434198133647442 3086.3045332809584 2894.2725920062626 3026.250967166242 2899.6774129535174 3027.695466719041 2915.727407993737 3087.749032833758 2910.322587046482
0.5-DanDiego18-11-18 0.9428920894861221 2576.3829321677795 1937.73960612847 2476.3829321654166 2005.7396061249956 2487.765864331146 2022.479212252319 2587.765864333509 1954.4792122557935
0.5-DanDiego18-11-18 0.9300311654806137 2547.499473131058 1906.3603793481525 2447.4994731286492 1978.3603793448074 2458.8419388815555 1994.1138040027326 2558.841938883964 1922.1138040060775
0.5-DanDiego18-11-18 0.04529159143567085 3088.745721272079 3147.638141811014 3016.8630806847045 3158.4205378954484 3019.254278727921 3174.361858188986 3091.1369193152955 3163.5794621045516
0.5-DanDiego18-11-18 0.02522514876909554 1730.646408840383 1263.7182320443471 1703.7955801104197 1287.8839778999527 1719.90607734749 1305.784530386595 1746.7569060774536 1281.6187845309894
0.5-DanDiego10-5-24 0.9129570722579956 2320.1580611184445 1456.8861959972674 2220.158061116036 1528.8861959939225 2231.8419388815555 1545.1138040027326 2331.841938883964 1473.1138040060775
0.5-DanDiego10-5-24 0.261179206892848 2696.932166303699 1766.6061269164284 2582.025164112796 1844.742888400404 2595.751641136158 1864.9288840245035 2710.6586433270613 1786.792122540528
0.5-DanDiego10-5-24 0.15700207836925983 2211.1804423003823 1531.288277123066 2119.2566377446947 1598.3926544440496 2133.9956944339538 1618.5831430608773 2225.9194989896414 1551.478765739894
0.5-DanDiego19961010 0.1062072804197669 3711.292140472525 4087.6144062017584 3710.7010995787878 4108.625909974086 3737.707859527475 4109.385593798242 3738.2989004212122 4088.3740900259136
0.5-DanDiego19961010 0.10447339341044426 3819.267037001022 4141.855966673397 3684.2804285290167 4154.004761428978 3685.724928081816 4170.054756469198 3820.7115365538216 4157.905961713617
0.5-DanDiego14-1-18 0.6668926402926445 2316.2105045221538 1457.3589619727086 2215.748084753098 1524.668783212871 2228.561736488222 1543.793636550328 2329.0241562572783 1476.4838153101657
0.5-DanDiego14-1-18 0.2678911592811346 997.6253321535969 593.0558015949973 903.577502213329 720.0203720096124 921.8963684664157 733.5899025679616 1015.9441984066834 606.6253321533466
0.5-DanDiego14-1-18 0.06366211455315351 2695.0468054002517 1760.2067681686683 2582.1553753064554 1840.3596835295293 2596.288345188108 1860.2652749135627 2709.1797752819043 1780.1123595527015
0.5-DanDiego14-1-18 0.05759454448707402 537.4453543853434 325.9789353716986 436.5293174036333 444.0506986351972 457.5546456146566 462.0210646283013 558.4706825963667 343.94930136480275
0.5-DanDiego14-1-18 0.04734777985140681 2146.565922922286 1269.8498985814776 2051.180527382444 1342.3427991869148 2062.800202838332 1357.6318458404205 2158.1855983781743 1285.1389452349833
0.5-DanDiego14-1-18 0.03590106451883912 3210.7901430845272 3025.376788554914 3145.8060413354456 3030.5755166915187 3146.2098569154728 3035.623211445086 3211.1939586645544 3030.4244833084813
0.5-DanDiego14-1-18 0.01628895686008036 2897.913198748541 2466.7429487669956 2756.188834631918 2553.1948108709294 2772.0868012514584 2579.2570512330044 2913.8111653680817 2492.8051891290706
0.5-0.479-luota-20050514 0.4783036895096302 583.5854698343654 623.8740600379123 566.1480845535865 638.3470898200741 661.4145301656346 753.1259399620877 678.8519154464135 738.6529101799258
0.5_Everitt_20171110 0.1151060601696372 1143.3742543608228 889.5988725415948 1124.4705489356568 1019.4673288115841 1143.503953573712 1022.2378389481471 1162.4076589988779 892.3693826781575
0.5-PearlHarbor20130302 0.06852045096457005 1186.035142523278 1600.3381491607918 1115.9355720414912 1723.7133932052132 1136.2089027715394 1735.2323311203422 1206.3084732533262 1611.8570870759206
100000622 0.021708195563405752 158.7602758890453 11.704725513414965 22.941467051404086 48.375803892648484 27.239724110954725 64.29527448658503 163.05853294859594 27.62419610735152
100001475 0.09828704479150474 58.6042235582539 248.347212808057 39.54643194932656 414.3405777209241 68.5090933217986 417.66579716669077 87.56688493072595 251.67243225382364
100001555 0.06261904677376151 377.93484120439575 18.236990503471205 378.18917770323867 21.21527090493647 360.1499376285518 22.75576963035055 359.8956011297089 19.777489228885283
meibote17-03-16 0.9212354719638824 654.6493570342059 1171.9348021943638 638.0304693280553 1179.7456794154082 690.3506429657943 1291.0651978056362 706.9695306719449 1283.2543205845918
0.5-Norfolk-s-030311 0.05865840567275882 883.433915212717 4483.678304242761 750.4164588532933 4490.329177053931 751.566084787283 4513.321695757239 884.5835411467067 4506.670822946069
0.5-Norfolk07-1-14 0.030715565430000424 435.19201995116117 2400.840399006696 268.2094763098197 2409.1895261802247 269.80798004883894 2441.159600993304 436.79052369018035 2432.8104738197753
0.5-Norfolk07-1-14 0.028815030120313168 415.87445022029834 2276.7225109988613 288.86525389872054 2279.262694918796 289.12514993963975 2292.2574969979914 416.13434626121756 2289.717313078056
0.5-Norfolk07-1-14 0.02881176769733429 633.9246239247777 2412.1804215441316 634.0900401480385 2416.1735691736567 547.0736629826035 2419.778224400053 546.9082467593428 2415.7850767705277
0.5-Norfolk07-1-14 0.028538457583636045 634.7431421450094 2263.862842894935 548.7581047382911 2268.1620947608744 549.2568578549906 2278.137157105065 635.2418952617089 2273.8379052391256
0.5-Norfolk07-1-14 0.020306959049776196 506.09196321503106 2312.401839260212 666.0879648142175 2315.6017593003826 665.8880447817191 2325.5977608997223 505.8920431825328 2322.3978408595517
0.5-PearlHarbor-n20060731 0.03344708029180765 488.3793103461499 549.4482758639033 394.9310344823784 586.8275862046503 403.27586206767495 607.6896551705493 496.7241379314465 570.3103448298021
0.5_hengxuhe_20041231 0.13645041920244694 972.8070714849744 252.1606456581988 871.8270561096294 357.1798616434452 890.1929285150256 374.83935434180114 991.1729438903706 269.82013835655476
0.5_hengxuhe_20041231 0.030830665957182646 2748.8355634303534 1833.5659471306776 2702.9453121354254 1882.6685160139277 2725.164436569647 1903.4340528693224 2771.0546878645746 1854.3314839860723
0.5-PearlHarbor20171218 0.17539606895297766 1334.1208865019994 1604.8005372737196 1253.408999327598 1737.975151107421 1277.6104768290832 1752.6427132299805 1358.3223640034846 1619.468099396279
0.5_hengxuhe_20091027 0.11178980860859156 3076.5193370179677 1172.1325966841596 3063.922651934796 1183.4696132583756 3143.97790055109 1272.4198895037136 3156.574585634262 1261.0828729294974
0.5_hengxuhe_20171209 0.1429602769203484 2608.7799511043877 1344.5330073348414 2588.7799511042376 1347.5330073338423 2613.0733496291564 1509.4889975551196 2633.0733496293064 1506.4889975561186
0.5_hengxuhe_20171209 0.11943009868264198 2788.654926942776 1283.7497189953199 2772.4503559422374 1287.962907454633 2813.2817534618935 1445.006744099514 2829.4863244624316 1440.7935556402008
0.5-DanDiego00-2-29 0.04712987062521279 2519.513797636744 2111.9618922486156 2381.56373193023 2243.014454662814 2402.985545333031 2265.563731930123 2540.9356110395456 2134.511169515925
0.5-DanDiego00-2-29 0.03334889281541109 2267.574347334829 1742.2724177095006 2116.864926218962 1838.7264472159945 2135.716231552766 1868.1816118024026 2286.425652668633 1771.7275822959086
meibote10-12-31 0.1362407272681594 957.2204899807011 1028.7728285072249 937.5322939892562 1035.6636971032267 980.8886414223887 1159.5389755016486 1000.5768374138336 1152.6481069056465
meibote18-12-18 0.92679063975811 585.2000000024108 1036.399999999161 570.0000000021174 1043.999999998534 625.9999999975565 1156.0000000008145 641.1999999978499 1148.4000000014414
meibote18-12-18 0.9239311963319778 657.0000000024432 1177.9999999991855 641.0000000021175 1185.999999998534 696.9999999975565 1298.0000000008145 712.9999999978822 1290.000000001466
meibote18-12-18 0.8591731935739517 524.314694410682 912.488946683245 509.3927178174011 919.6514954472601 561.2626788012234 1027.7139141750188 576.1846553945044 1020.5513654110036
meibote18-12-18 0.8401298224925995 831.8293768574615 1169.247774480412 812.9124629106096 1174.5445103845657 845.1706231425384 1289.7522255195877 864.0875370893904 1284.455489615434
0.5_zuoshibao_20140324 0.06550360191613436 1863.4895144043487 1027.627831111463 1837.4945474919068 1034.646472176496 1882.258831201061 1200.4401155750634 1908.2537981135029 1193.4214745100303
0.5-Norfolk04-2-19 0.036976523930206895 757.2576820478596 3130.251654977406 653.3055034087857 3141.686394622392 654.6216776992613 3153.6516154504557 758.5738563383351 3142.21687580547
0.5-Norfolk04-2-19 0.02169712050817907 455.2128786275033 2272.7449692861574 465.2160559202746 2298.3531031561765 456.9195085785924 2301.5939419614547 446.9163312858211 2275.9858080914355
0.5-Norfolk04-2-19 0.020357674453407526 364.24997502302506 2420.667499246712 519.2304925569734 2425.3169147806616 518.7509241677064 2441.302527728959 363.7704066337581 2436.6531121950093
0.5-Charlestone20161010 0.10474127996712923 2083.170983105468 1422.645182335607 1979.6091069205443 1498.245351945342 1993.1766586193355 1516.831039205253 2096.7385348042594 1441.2308695955182
0.5-DanDiego08-03-31 0.37584327533841133 1229.0722625385881 685.9602997911248 1172.8121717844817 810.2951003548852 1189.9277374614119 818.0397002088752 1246.1878282155183 693.7048996451148
0.5-DanDiego08-03-31 0.25602468522265553 2564.6000000012477 1689.8000000011764 2481.0799999991914 1752.4399999984778 2490.9199999987613 1765.5599999987924 2574.4400000008177 1702.920000001491
0.5-DanDiego16-3-23 0.9378954619169235 2582.5101389549272 1996.267801344415 2487.2505152574226 2063.9021341648045 2498.4898610450728 2079.7321986555853 2593.7494847425774 2012.0978658351955
0.5-DanDiego16-3-23 0.07609560247510672 2407.9710352937263 1781.7411442374066 2335.7614978140064 1834.454106593935 2347.5527431654136 1850.606497487397 2419.7622806451336 1797.8935351308687
100000649 0.025104232598096132 109.63745071922133 51.69002245645261 108.35143682767023 94.681466850962 128.33355677439835 95.27919703183991 129.61957066594945 52.28775263733051
0.5-Kitsap-Bremerton20110820 0.026872386457398534 484.6593340683392 709.9334066596573 471.66063393833895 710.0633936602924 472.33056694161195 777.0566943302939 485.32926707161226 776.9267073296588
