0.5-0.479-luota-20031025 0.9809089154005051 1031.0487804906788 258.56097560811907 1004.3414634168357 279.92682926583825 1135.463414631279 443.8292682942899 1162.1707317051223 422.4634146365707
0.5-0.479-luota-20031025 0.9787269085645676 1189.0676771891187 452.1538279336944 1163.3527147869042 473.4972467262279 1298.9323228108813 636.8461720663056 1324.6472852130958 615.5027532737721
0.5-Norfolk06-4-30 0.8828023970127106 527.3881917187576 1381.1185250703759 522.5720050859635 1413.1461661782264 734.5896953949575 1445.028525623417 739.4058820277517 1413.0008845155662
0.5-Norfolk06-4-30 0.8796195983886719 347.39523082931584 1466.0956672934574 342.57194563713114 1498.1222809693331 554.5825911074497 1530.051595046418 559.4058762996344 1498.0249813705423
0.5-Norfolk06-4-30 0.0730553437024355 488.0900757284172 1790.8345954606966 316.10920685581465 1801.1534475842598 317.90992427158284 1831.1654045393034 489.89079314418535 1820.8465524157405
0.5-Norfolk06-4-30 0.06922823190689087 507.8411158892693 3142.111588845652 330.8388161191675 3143.8816118342984 331.15878412073073 3175.8784121542994 508.1610838908325 3174.1083891656526
0.5-Norfolk06-4-30 0.030035383300855756 930.7245101967166 3180.2255098006035 752.7357057182973 3183.785285881068 753.2754898032833 3210.774490199396 931.2642942817026 3207.2147141189316
0.5-Norfolk19-04-22 0.8977088630199432 507.1900816525055 1211.0343047533393 502.8077020395557 1242.981852131535 706.8099183474947 1270.9656952466607 711.1922979604444 1239.018147868465
0.5-Norfolk19-04-22 0.8301436454057693 499.48059983715876 1273.975325052073 494.52595269074885 1305.9823456176443 701.5194001628413 1338.024674947927 706.4740473092512 1306.0176543823557
0.5-Norfolk19-04-22 0.07687775325030088 635.6649962986543 1373.5442742439418 630.1573372814746 1409.6194408062051 858.1858094641145 1444.432948009916 863.6934684812941 1408.3577814476525
0.5_Everitt_20130505 0.031684234039857984 453.41399256460915 853.9086902635847 344.61355185135255 1004.0532984423895 391.5860074353908 1038.0913097364153 500.38644814864745 887.9467015576105
0.5-DanDiego05-11-16 0.8869848549365997 2753.832670104933 2079.072150827707 2585.008872070964 2202.3135233839303 2605.167329895067 2229.927849172293 2773.9911279290354 2106.6864766160693
0.5-DanDiego05-11-16 0.09659171057865024 2970.26988511726 2143.6621884632264 2831.767782031412 2250.308807832298 2848.73011488274 2272.3378115367736 2987.232217968588 2165.691192167702
0.5-DanDiego05-11-16 0.013661084929481149 1465.540889527541 1122.5437589658638 1446.4425560098402 1153.4830592635776 1630.1832027359937 1266.9032115671962 1649.2815362536944 1235.9639112694824
0.5-Kitsap-Bremerton20140711 0.05625922977924347 612.488099815101 1027.8151005119003 613.508199814899 1129.8148994918004 576.511900184899 1130.1848994880995 575.491800185101 1028.1851005081996
0.5-Charlestone19940214 0.7896514385938644 971.3598212692157 899.0985447760638 808.374494292161 1031.1166596192074 827.6401787307843 1054.9014552239362 990.6255057078389 922.8833403807926
0.5-Norfolk-s-140424 0.03118647262454033 605.4894702543913 2804.13174229811 502.38581672749297 2968.066551400688 528.2270910675539 2984.318925199983 631.3307445944523 2820.3841160974052
100000912 0.1557259128894657 349.0091445198081 8.267171175369002 288.8540477095426 224.2239687212554 322.9908554801919 233.73282882463096 383.14595229045744 17.77603127874458
0.5-Norfolk09-11-15 0.11942010233178735 267.385033458336 1859.62209858098 260.56931719315156 1900.6527104970628 468.6418190996391 1935.216249020011 475.45753536482357 1894.1856371039285
0.5-Norfolk09-11-15 0.08788306266069412 245.34984025663812 2825.746006395173 33.3290734830687 2834.2268370552733 34.64856229927649 2867.2140575026415 246.66932907284593 2858.733226842541
0.5-Norfolk11-5-1 0.04924796288833022 177.93737862254565 1502.402519514425 172.09378992400357 1533.4319755034003 380.24449498386224 1572.631731635558 386.0880836824044 1541.6022756465827
0.5-Norfolk11-5-1 0.031641495414078236 269.53421920369107 2095.4739734299005 33.53661704526747 2102.5539014825836 34.46667998703421 2133.5559995943267 270.4642821454578 2126.4760715416437
0.5-Norfolk11-5-1 0.02860812097787857 271.38556904043634 1865.6822912305859 268.5710733568148 1890.7031578578506 470.6019359731768 1913.4287891983927 473.4164316567984 1888.407922571128
100000962 0.3385980576276779 475.0398565176615 144.99760861405517 274.04344360353275 157.05739337862624 275.9637305688211 189.06217616070495 476.9601434829499 177.00239139613382
100001039 0.5645066872239113 142.0665818876093 102.20710327896093 135.86075029521945 134.1671359794674 338.9697520210116 173.6057770916433 345.1755836134014 141.64574439113682
100001044 0.910631462931633 177.75627769774107 197.6632200899698 37.35745937810721 349.2939438680692 61.745199407131594 371.8751846367425 202.14401772676544 220.24446085864307
100001048 0.12031458341516554 273.61764827778217 167.43499855235183 159.03629816524116 303.7868051804835 180.7962418757917 322.0724721649162 295.3775919883327 185.7206655367845
100001075 0.057872180826961994 36.261075489797584 217.4446699138244 29.783129638911987 248.34447162223307 197.7389245102024 283.55533008617556 204.216870361088 252.65552837776693
100001100 0.04972213413566351 391.9582041849199 55.82041795906943 355.96180382491906 56.180381960828086 358.0517948151289 265.1794820509306 394.04819517512976 264.81951804917196
100001100 0.021122627425938845 169.72584674013015 154.52822459860036 137.72464781911202 155.48826056459424 140.2741532598698 240.47177540139964 172.27535218088795 239.51173943540576
100001168 0.8996706306934357 209.51986500331128 191.1685120513368 49.42157617227588 324.05009177297364 72.97157913191916 352.4235893164469 233.06986796295456 219.54200959481003
100001168 0.12323097558692098 402.9709724261865 24.024673441798015 243.55152394615834 159.53120464173548 266.02902757381355 185.975326558202 425.44847605384166 50.46879535826456
100001188 0.9374418705701828 237.52728550493168 226.9005386871965 48.59762666731568 327.03325786151873 63.47271449506836 355.0994613128035 252.40237333268436 254.96674213848127
100001188 0.8958887904882431 462.2229219168779 108.04408060791698 277.71410579208975 203.9886649834166 292.77707808312203 232.95591939208302 477.28589420791025 137.01133501658336
100001221 0.7431519329547882 205.04236006249192 185.5098335902098 1.0332829043065135 234.47201209776244 8.957639937508054 267.49016640979016 212.96671709569347 218.52798790223758
100001302 0.038240029476583004 239.4364104494273 42.407361469874765 236.50349853728338 82.41227995138914 444.5582433750128 97.66556036476183 447.4911552871568 57.660641883247436
100001308 0.6023204028606415 196.6687828641854 92.31980954317753 160.60093245239352 95.56591607839526 179.32318221865276 303.5909135994177 215.3910326304446 300.3448070642
100001331 0.6974788829684258 380.8765371707589 292.2708754910763 364.6208943942804 322.668927482275 545.7076208047291 419.5067490947403 561.9632635812076 389.10869710354154
0.5-PearlHarbor20130302 0.9754226207733154 2009.480715674744 721.5132922647747 1816.8399864956891 804.3488058019555 1831.5192843252562 838.4867077352253 2024.1600135043109 755.6511941980445
100001350 0.06075854133814573 242.86212409369554 109.40413627820494 203.86721950775438 110.57398341378884 210.107003691352 318.5667898882932 249.10190827729318 317.39694275270926
100001388 0.769525021314621 237.9134507325911 180.2825028145735 38.85013113477497 232.03896589984825 47.14986886273968 263.96103409059276 246.21318846055578 212.20457100531797
100001412 0.9305211007595062 354.72141372388495 25.825363829024887 167.40332640225756 110.11850311421733 182.27858627611505 143.1746361709751 369.59667359774244 58.88149688578267
100001422 0.770664244890213 366.0495049556063 207.4950495052085 334.960396044603 210.60396039471996 354.96039603448264 410.60396039573203 386.049504945486 407.49504950622065
100001422 0.10497274482622743 536.8293834246127 196.07218015555802 507.79998033661866 199.84600255551402 530.1706165753872 371.927819844442 559.2000196633812 368.153997444486
100001422 0.09186739195138216 588.583539180374 192.39581069090409 558.5074597414513 195.70417942764863 577.4284161599963 367.71287422160475 607.5044955989191 364.40450548486024
100001463 0.12292768573388457 103.0579446318455 194.94538263414182 78.17879339763091 214.10232908322405 186.05323623326598 354.1990080997788 210.93238746748057 335.0420616506965
100001516 0.9524758160114288 475.42366542232065 201.34206052743568 287.40938456205106 280.30805847917065 300.4263855807704 311.3009180513093 488.44066644104 232.3349200995743
100001603 0.06862851046025753 593.4642821504143 254.47607153638074 558.465780801572 255.52602657505608 563.5357178495857 424.52392846361926 598.534219198428 423.47397342494395
100001635 0.09536576457321644 276.9514822614683 261.2770937955603 269.02340839137474 437.2803337113218 301.0485177385317 438.7229062044396 308.9765916086252 262.71966628867807
100001635 0.08091728761792183 64.9433845644973 237.64867939370725 61.05044522025548 426.6508845565447 95.05661543550269 427.35132060629275 98.9495547797445 238.34911544345525
100001638 0.8056163638830185 132.78106604706304 154.7572776376916 102.25127006221467 169.71687766871307 190.41254737117728 349.6378517873296 220.94234335602565 334.6782517563082
100001650 0.07165145897306502 574.1843390389256 105.27610216677692 525.9531566431946 284.2137888525629 553.8156609610743 291.7238978332232 602.0468433568052 112.78621114743716
100001650 0.045286830980330706 93.31400906628058 105.33352863182066 46.82321378983529 266.1916802860252 72.68599093371942 273.6664713681794 119.1767862101647 112.80831971397478
0.5-DanDiego00-2-29 0.9305822849273682 2465.4026328061977 1946.074130711887 2297.062761782963 2065.5954391298324 2319.069410276033 2096.5907186997533 2487.409281299267 1977.069410281808
0.5-DanDiego00-2-29 0.2771523781120777 643.6081081094663 421.1486486492999 541.9864864854156 563.4189189178448 567.0540540526797 581.3243243236785 668.6756756767305 439.0540540551337
0.5-DanDiego00-2-29 0.11937734577804804 3111.059936909894 3329.8328075755676 2923.993690852009 3352.2807570929554 2927.940063090106 3385.1671924244324 3115.006309147991 3362.7192429070446
0.5-DanDiego00-2-29 0.11773883551359177 2267.86141210785 1744.8528538913922 2124.0833735924853 1841.1841396893803 2140.13858789215 1865.1471461086078 2283.9166264075147 1768.8158603106197
0.5-DanDiego00-2-29 0.06656800769269466 2519.9926156784827 2133.395095185352 2381.62800623141 2228.8666756968023 2397.539936316652 2251.9274439379815 2535.9045457637244 2156.455863426531
0.5-DanDiego00-2-29 0.02563852653838694 2914.879191960519 2886.988456567154 2741.886854413873 2899.0979201865753 2744.125684146549 2931.0812021053002 2917.1180216931953 2918.971738485879
0.5-DanDiego08-03-31 0.08261374058201909 3272.5532591427727 3544.915739273105 3096.5596184425303 3558.9952305201277 3099.5198728126697 3595.9984101705145 3275.513513512912 3581.918918923491
0.5-DanDiego08-03-31 0.07418593764305115 552.1513556813089 233.50085802590596 457.6484383928025 382.8154673369878 480.848644318691 397.4991419740941 575.3515616071975 248.1845326630122
0.5-Norfolk-s-20100407 0.10865923389792442 973.6738035297774 112.44962216505895 951.4445843857552 124.00881611881918 1031.9168765710012 278.76322418251533 1054.1460957150234 267.2040302287551
0.5-DanDiego19961010 0.9563363641500473 2985.7421880122424 2135.948202755519 2809.9707743475988 2264.261334721782 2830.2578119877576 2292.0517972444813 3006.0292256524012 2163.738665278218
0.5-DanDiego19961010 0.032728693913668394 1867.5789860409052 1351.5025716372304 1842.920646584054 1389.7229977941079 2039.8765613507246 1516.7913299057661 2064.534900807576 1478.570903748889
0.5-DanDiego10-5-24 0.03163275634869933 2147.977237316949 1274.5757062551652 1995.2436826760888 1379.961858949599 2019.0227626830506 1414.4242937448348 2171.756317323911 1309.038141050401
0.5-0.479-luota-20050514 0.3166516423225403 1152.2195121979055 491.024390242245 1128.3170731729197 510.14634146102054 1257.6829268264614 671.8536585382058 1281.585365851447 652.7317073194303
100000622 0.1355507941916585 224.0839957878145 159.35236088982154 17.178526960842788 202.80250933292274 24.958241545754543 239.84876927008 231.86371037272625 196.3986208269788
0.5-Norfolk-s-030311 0.07170974276959896 917.4376996814361 4432.94249201793 715.4009584670129 4441.023961656175 716.562300318564 4470.05750798207 918.5990415329873 4461.976038343825
0.5-Norfolk-s-030311 0.04312977800145745 920.3491271829648 4402.982543645983 718.3541147136166 4413.082294259122 719.6034912709462 4438.069825431268 921.5985037402943 4427.970074818129
0.5-Charlestone20031113 0.08199617266654968 651.7655442225296 601.3772530387454 644.0598015928592 637.4401285452267 874.2344557774705 686.6227469612544 881.9401984071408 650.5598714547731
0.5-PearlHarbor-n20130120 0.05914716795086861 1140.0168631451515 1153.711062536938 987.0541025829459 1234.781325627123 998.5693652880036 1256.5082363934687 1151.532125850209 1175.4379733032838
0.5-PearlHarbor-n20130120 0.03364707808941603 1124.1176470609153 1125.52941176722 976.4705882340515 1214.11764705583 989.6176470567648 1236.0294117622095 1137.2647058836287 1147.4411764735994
0.5-Norfolk07-1-14 0.780362069606781 329.2839313572909 1496.7254290170417 324.659906396258 1525.6255850232756 528.7160686427092 1558.2745709829583 533.340093603742 1529.3744149767244
0.5-Norfolk07-1-14 0.6594721749424934 335.1314437091383 1462.2308736390687 330.80490316300063 1490.1803255669108 534.8685562908618 1521.7691263609313 539.1950968369994 1493.8196744330892
0.5-Norfolk07-1-14 0.09140767576172948 554.3631482439314 1495.0562270911246 549.616244569143 1529.0915264391322 721.6177710274136 1553.0805817333317 726.3646747022019 1519.045282385324
0.5_Everitt_20150228 0.07366005540825427 510.827304552535 818.7479579938761 382.44340723318743 988.2147024489336 413.6913652257565 1011.8873978987549 542.0752625451041 842.4206534436973
0.5-Charlestone20180309 0.9112349897623062 677.3541648458317 618.0466742415042 670.3814351892555 647.0532296125195 870.3639541997027 695.1259505290591 877.3366838562789 666.1193951580436
0.5-Charlestone20180309 0.5638105794787407 450.09967730601056 188.64610972095804 253.0935819282639 255.62818213934753 265.0039440636282 290.6586590133191 462.01003944137494 223.6765865949296
0.5-Charlestone20180309 0.09503623470664024 796.7871790136011 772.6997967852374 789.0950489562433 803.7760022165854 993.2128209863988 854.3002032147625 1000.9049510437567 823.2239977834145
0.5_zuoshibao_20140324 0.5567063316702843 1391.7265500848162 2223.5818759941208 1355.7170111339606 2226.4626391083484 1372.2798092156527 2433.497615261791 1408.2893481665083 2430.616852147563
0.5-Norfolk04-2-19 0.927422359585762 570.8774505592141 540.8287278573551 565.174107855296 572.8815138530998 769.1225494407859 609.1712721426447 774.825892144704 577.1184861469001
0.5-Norfolk04-2-19 0.9031159579753876 452.8340609282071 1352.7891714907917 447.2276264591472 1384.857976653544 655.1659390717928 1421.2108285092083 660.7723735408528 1389.142023346456
0.5-Norfolk04-2-19 0.8634929060935974 811.4518284453695 189.9895602518536 806.5490881260469 222.00445453679663 1014.5710858391665 253.86080947012627 1019.4738261584893 221.84591518518332
0.5-DanDiego02-11-6 0.9194192588329315 2579.985247631619 2028.0906217096012 2407.9093782913355 2151.985247625866 2428.014752368381 2179.9093782903988 2600.090621708665 2056.014752374134
0.5-DanDiego02-11-6 0.16330717643722892 803.1366246538538 601.3282892130568 696.2855285481153 743.4402470282953 721.3830401949981 762.3105565379459 828.2341363007366 620.1985987227075
0.5-DanDiego02-11-6 0.02834381558932364 2874.6783831303565 2175.6590509686575 2741.427065025342 2262.2724077301436 2759.864674866143 2290.637961333595 2893.1159929711575 2204.0246045721083
0.5-Charlestone20161010 0.040334009565413 547.2432780966591 497.17280288846166 540.5117028822033 530.0228899346783 735.519762718349 569.9835579342871 742.2513379328049 537.1334708880704
0.5-Charlestone20170823 0.05039078975096345 331.25806174555885 533.0348782734742 328.739595858642 568.9985711385357 556.741938254441 584.9651217265258 559.2604041413579 549.0014288614642
100000727 0.019003717228770256 169.23457995813976 199.24825147032087 152.40647681437275 227.35118371956523 332.5014911970651 335.19250970047375 349.3295943408321 307.0895774512294
0.5-Kitsap-Bremerton20170523 0.2330855391919613 363.5042461844204 886.4748726153626 327.5066440263034 887.5548006782651 334.4666799820777 1119.5559995995898 370.46428214019477 1118.4760715366872
0.5-Kitsap-Bremerton20170523 0.072416627779603 274.55560335558835 884.6437943643771 257.3508281350552 1118.6287373628672 294.3712626370981 1121.350828135085 311.57603785763115 887.3658851365949
0.5-Kitsap-Bremerton20170523 0.04033456835895777 420.6155190474627 918.6860609129615 417.39659195049416 1086.6818661036689 450.3844809525374 1087.3139390870385 453.60340804950584 919.318133896331
