0.5-Charlestone20180309 0.08473481517285109 696.1812138651347 624.0621185358295 689.61687119972 656.9494752892386 819.6268328473282 682.8995674347216 826.191175512743 650.0122106813125
100001196 0.24584501422941685 411.99419474310247 135.82214794576544 383.23177060678853 146.46424487473553 429.126220420911 270.5032984435049 457.88864455722484 259.8612015145348
100001212 0.798002690076828 374.7435388307532 120.72630200358815 330.7558327433271 248.73052671581306 366.94911333810444 261.168080185021 410.9368194255304 133.16385547279603
0.5_zuoshibao_20090221 0.047595048788934946 1817.0384515275643 479.3550039051182 1782.2584845101874 492.9191910401229 1851.9615484724357 671.6449960948818 1886.7415154898126 658.0808089598771
100001501 0.2956624738872051 359.32756594132843 94.92246932112468 344.7993793784939 134.72970050256842 504.6724340586715 193.0775306788753 519.200620621506 153.27029949743158
100001569 0.10761956684291363 153.88303477615491 209.00421496187357 125.95890411162219 229.10958903891887 228.45837723645826 371.46996838901146 256.38250790099096 351.36459431196624
100001625 0.05705037992447615 322.2223667136781 3.2132639782604255 289.9726918105884 18.69310793010157 368.1677503214065 181.5994798449188 400.41742522449624 166.11963589307766
100001635 0.028029404114931822 62.901191532724845 240.59834261898456 59.11604982753008 420.58183070089416 98.09880846727515 421.40165738101547 101.88395017246994 241.41816929910584
100001638 0.0503473358694464 364.0000000034614 108.99999999918556 328.00000000272837 126.99999999771954 403.9999999965386 279.0000000008145 439.99999999727163 261.00000000228056
0.5-DanDiego05-11-16 0.40149425342679024 1093.3984577278918 673.6884830604799 998.3760474365024 826.674563624834 1032.3231535858117 847.7597227244431 1127.3455638772011 694.7736421600891
0.5-DanDiego16-3-23 0.8966008275747299 1237.0000000009202 1118.999999999216 1217.000000000443 1146.9999999988754 1328.9999999990798 1227.000000000784 1348.9999999995568 1199.0000000011246
0.5-DanDiego16-3-23 0.09875896479934454 2408.327033077489 1781.444914201352 2336.889579705899 1837.1661278275658 2349.1880129309748 1852.933349912022 2420.6254663025643 1797.2121362858084
0.5-DanDiego14-5-12 0.8390077948570251 2548.7469244306258 1983.7644991229267 2436.6555360273246 2056.6239015793753 2455.550087871626 2085.6924428805737 2567.6414762749273 2012.833040424125
0.5-DanDiego18-11-18 0.8993685096502304 2550.795574290543 2169.827186513643 2438.6248682815267 2250.5900948344374 2459.5458377220702 2279.646996837242 2571.7165437310864 2198.8840885164477
0.5-DanDiego18-11-18 0.8871572613716125 2452.5133109348503 1741.1801499110804 2339.8097699654427 1824.580770222719 2358.964848796337 1850.4660118878655 2471.6683897657445 1767.0653915762268
0.5-DanDiego18-11-18 0.8871070742607117 1909.6089112157856 1481.1354948152498 1800.8803574914398 1560.5073390285004 1819.8673103250744 1586.5168634599465 1928.5958640494205 1507.1450192466957
0.5-DanDiego18-11-18 0.8868333250284195 2402.429530203156 2058.8993288605557 2294.241610737496 2134.630872481022 2316.04026845455 2165.7718120790737 2424.2281879202105 2090.0402684586074
0.5-DanDiego18-11-18 0.7014317810535431 852.7328863489452 738.3286838879139 781.56344098827 847.2179352861617 808.2671136510548 864.671316112086 879.43655901173 755.7820647138382
0.5-DanDiego18-11-18 0.38991185277700424 3000.9021793223615 3145.3168474508548 2868.849238730826 3154.5605532855116 2871.09294457057 3186.613493876691 3003.1458851621055 3177.369788042034
0.5-DanDiego10-5-24 0.07149722427129745 1975.7665815458338 1400.6963903662106 1899.7295879627115 1451.6411760630385 1912.5432396978358 1470.7660294004959 1988.5802332809583 1419.8212437036677
0.5-DanDiego10-5-24 0.040794678730890155 1865.8507559465136 1063.3022224531508 1756.245195922311 1248.5356188885407 1802.1492440534867 1275.6977775468492 1911.7548040776892 1090.4643811114593
0.5-Norfolk-s-030311 0.09606586769223213 1247.1718600860015 203.1329745674874 1207.3749674544438 218.65376269176684 1278.6961201240797 401.52851315062526 1318.4930127556372 386.0077250263457
0.5-DanDiego12-10-28 0.15978022199124098 1343.9366209722614 845.1011215951628 1308.2391846179344 992.1745593732395 1340.0633790277386 999.8988784048373 1375.7608153820656 852.8254406267606
0.5-Norfolk07-1-14 0.07259216019883752 931.1701873266293 3173.1697887653704 736.1522518936052 3184.870864881381 737.8298126733707 3212.8302112346296 932.8477481063948 3201.129135118619
0.5-PearlHarbor-n20060731 0.1744726523756981 609.9283456288149 266.0115911501448 496.624868281527 347.5900948344373 516.7302423585722 375.5142254989702 630.0337197058601 293.9357218146776
0.5-DanDiego15-4-15 0.8921487033367157 2772.0611169670865 2387.1959957866466 2655.833508955868 2470.879873548821 2675.9388830329135 2498.8040042133534 2792.166491044132 2415.120126451179
0.5-DanDiego00-2-29 0.03665336896665394 2518.5369127539198 2127.6241610758398 2377.3959731532427 2226.4228187891435 2400.4630872460802 2259.3758389241602 2541.6040268467573 2160.5771812108565
0.5-Charlestone20070227 0.254952484741807 2178.4406101195127 1545.2247912221846 2089.9596935600707 1604.5070053125146 2107.5593898804873 1630.7752087778154 2196.0403064399293 1571.4929946874852
0.5-DanDiego14-1-18 0.9199362844228745 2533.611169654041 1931.9599578519149 2421.91464699591 2012.3814541600962 2439.914646995074 2037.3814541606982 2551.611169653205 1956.959957852517
